0.036551 0.030822 0.016687 -0.002309 -0.002789 -0.010014 -0.012147 -0.013212 
0.040288 0.036551 0.030822 0.016687 -0.002309 -0.002789 -0.005293 -0.010014 
0.040288 0.036551 0.030822 0.016687 0.001771 -0.002309 -0.002789 -0.005293 
0.083174 0.048628 0.040288 0.036551 0.030822 0.016687 0.001771 -0.002309 
0.083174 0.048628 0.045991 0.040288 0.036551 0.030822 0.016687 0.001771 
0.083174 0.057725 0.053777 0.048628 0.045991 0.040288 0.036551 0.030822 
0.083174 0.057725 0.053777 0.048628 0.048628 0.045991 0.045876 0.040288 
0.083174 0.057725 0.054343 0.053777 0.049900 0.048628 0.048628 0.045991 
0.083174 0.057725 0.054343 0.053777 0.049900 0.048628 0.048628 0.048628 
0.083174 0.083065 0.057725 0.055975 0.054343 0.053777 0.053386 0.049900 
