0.318498 0.318498 0.318498 0.307179 0.307179 0.306531 0.306531 0.304869 0.304307 0.304015 0.302790 0.302191 0.302191 0.302191 0.302191 0.301060 0.300942 0.300650 0.300416 0.300396 0.300396 0.300396 0.300396 0.300182 0.300093 0.300093 0.300093 0.299152 0.299021 0.299021 0.299021 0.299021 0.299021 0.299021 0.298424 0.298424 0.298424 0.298424 0.297999 0.297999 0.297999 0.297818 0.297818 0.297704 0.297704 0.297704 0.297704 0.297704 0.297704 0.297704 
0.318498 0.318498 0.318498 0.307179 0.307179 0.306531 0.306531 0.304869 0.304307 0.304015 0.302790 0.302191 0.302191 0.302191 0.302191 0.301060 0.300942 0.300650 0.300416 0.300414 0.300396 0.300396 0.300396 0.300396 0.300182 0.300093 0.300093 0.300093 0.299152 0.299021 0.299021 0.299021 0.299021 0.299021 0.299021 0.298424 0.298424 0.298424 0.298424 0.297999 0.297999 0.297999 0.297818 0.297818 0.297704 0.297704 0.297704 0.297704 0.297704 0.297704 
0.318498 0.318498 0.318498 0.307179 0.307179 0.306531 0.306531 0.304869 0.304307 0.304015 0.302790 0.302790 0.302191 0.302191 0.302191 0.302191 0.301060 0.300942 0.300650 0.300416 0.300414 0.300396 0.300396 0.300396 0.300396 0.300182 0.300093 0.300093 0.300093 0.299152 0.299021 0.299021 0.299021 0.299021 0.299021 0.299021 0.298424 0.298424 0.298424 0.298424 0.297999 0.297999 0.297999 0.297818 0.297818 0.297704 0.297704 0.297704 0.297704 0.297704 
0.318498 0.318498 0.318498 0.307179 0.307179 0.306531 0.306531 0.304869 0.304307 0.304015 0.302835 0.302790 0.302790 0.302191 0.302191 0.302191 0.302191 0.301060 0.300942 0.300650 0.300416 0.300414 0.300396 0.300396 0.300396 0.300396 0.300182 0.300093 0.300093 0.300093 0.299152 0.299021 0.299021 0.299021 0.299021 0.299021 0.299021 0.298424 0.298424 0.298424 0.298424 0.297999 0.297999 0.297999 0.297818 0.297818 0.297818 0.297704 0.297704 0.297704 
0.318498 0.318498 0.318498 0.307179 0.307179 0.306531 0.306531 0.304869 0.304307 0.304015 0.302835 0.302790 0.302790 0.302191 0.302191 0.302191 0.302191 0.302191 0.301060 0.300942 0.300650 0.300416 0.300414 0.300396 0.300396 0.300396 0.300396 0.300182 0.300093 0.300093 0.300093 0.299152 0.299021 0.299021 0.299021 0.299021 0.299021 0.299021 0.298424 0.298424 0.298424 0.298424 0.297999 0.297999 0.297999 0.297818 0.297818 0.297818 0.297704 0.297704 
0.318498 0.318498 0.318498 0.307179 0.307179 0.306531 0.306531 0.304869 0.304307 0.304015 0.302835 0.302790 0.302790 0.302191 0.302191 0.302191 0.302191 0.302191 0.301060 0.300942 0.300650 0.300416 0.300414 0.300396 0.300396 0.300396 0.300396 0.300182 0.300093 0.300093 0.300093 0.299152 0.299021 0.299021 0.299021 0.299021 0.299021 0.299021 0.298424 0.298424 0.298424 0.298424 0.297999 0.297999 0.297999 0.297818 0.297818 0.297818 0.297704 0.297704 
0.318498 0.318498 0.318498 0.307179 0.307179 0.306531 0.306531 0.304869 0.304307 0.304015 0.302835 0.302790 0.302790 0.302191 0.302191 0.302191 0.302191 0.302191 0.302191 0.301060 0.300942 0.300869 0.300650 0.300416 0.300414 0.300396 0.300396 0.300396 0.300396 0.300182 0.300093 0.300093 0.300093 0.299152 0.299021 0.299021 0.299021 0.299021 0.299021 0.299021 0.298424 0.298424 0.298424 0.298424 0.297999 0.297999 0.297999 0.297818 0.297818 0.297818 
0.318498 0.318498 0.318498 0.307179 0.307179 0.306531 0.306531 0.304869 0.304307 0.304015 0.304015 0.302835 0.302790 0.302790 0.302191 0.302191 0.302191 0.302191 0.302191 0.302191 0.301060 0.300942 0.300869 0.300650 0.300416 0.300414 0.300396 0.300396 0.300396 0.300396 0.300182 0.300093 0.300093 0.300093 0.299152 0.299021 0.299021 0.299021 0.299021 0.299021 0.299021 0.298424 0.298424 0.298424 0.298424 0.297999 0.297999 0.297999 0.297818 0.297818 
0.318498 0.318498 0.318498 0.307179 0.307179 0.306531 0.306531 0.304869 0.304307 0.304015 0.304015 0.302835 0.302790 0.302790 0.302191 0.302191 0.302191 0.302191 0.302191 0.302191 0.301060 0.300942 0.300869 0.300650 0.300416 0.300414 0.300396 0.300396 0.300396 0.300396 0.300396 0.300182 0.300093 0.300093 0.300093 0.299152 0.299021 0.299021 0.299021 0.299021 0.299021 0.299021 0.298424 0.298424 0.298424 0.298424 0.297999 0.297999 0.297999 0.297818 
0.318498 0.318498 0.318498 0.307179 0.307179 0.306531 0.306531 0.304869 0.304307 0.304015 0.304015 0.302835 0.302790 0.302790 0.302191 0.302191 0.302191 0.302191 0.302191 0.302191 0.301060 0.300942 0.300869 0.300869 0.300650 0.300416 0.300414 0.300396 0.300396 0.300396 0.300396 0.300396 0.300182 0.300093 0.300093 0.300093 0.299152 0.299021 0.299021 0.299021 0.299021 0.299021 0.299021 0.298424 0.298424 0.298424 0.298424 0.297999 0.297999 0.297999 
0.318498 0.318498 0.318498 0.307179 0.307179 0.306531 0.306531 0.304869 0.304307 0.304015 0.304015 0.302835 0.302790 0.302790 0.302191 0.302191 0.302191 0.302191 0.302191 0.302191 0.301060 0.300942 0.300869 0.300869 0.300650 0.300416 0.300414 0.300396 0.300396 0.300396 0.300396 0.300396 0.300182 0.300093 0.300093 0.300093 0.299152 0.299021 0.299021 0.299021 0.299021 0.299021 0.299021 0.298424 0.298424 0.298424 0.298424 0.298424 0.297999 0.297999 
0.318498 0.318498 0.318498 0.307179 0.307179 0.306531 0.306531 0.306531 0.304869 0.304307 0.304015 0.304015 0.302835 0.302790 0.302790 0.302191 0.302191 0.302191 0.302191 0.302191 0.302191 0.301060 0.300942 0.300869 0.300869 0.300650 0.300416 0.300414 0.300396 0.300396 0.300396 0.300396 0.300396 0.300182 0.300093 0.300093 0.300093 0.299152 0.299021 0.299021 0.299021 0.299021 0.299021 0.299021 0.298424 0.298424 0.298424 0.298424 0.298424 0.297999 
0.318498 0.318498 0.318498 0.310769 0.307179 0.307179 0.306531 0.306531 0.306531 0.304869 0.304307 0.304015 0.304015 0.302835 0.302790 0.302790 0.302191 0.302191 0.302191 0.302191 0.302191 0.302191 0.301060 0.300942 0.300869 0.300869 0.300650 0.300416 0.300416 0.300414 0.300396 0.300396 0.300396 0.300396 0.300396 0.300396 0.300182 0.300093 0.300093 0.300093 0.299152 0.299021 0.299021 0.299021 0.299021 0.299021 0.299021 0.298424 0.298424 0.298424 
0.318498 0.318498 0.318498 0.310769 0.309563 0.307179 0.307179 0.306531 0.306531 0.306531 0.304869 0.304307 0.304015 0.304015 0.302835 0.302790 0.302790 0.302191 0.302191 0.302191 0.302191 0.302191 0.302191 0.301060 0.300942 0.300869 0.300869 0.300650 0.300416 0.300416 0.300414 0.300396 0.300396 0.300396 0.300396 0.300396 0.300396 0.300182 0.300093 0.300093 0.300093 0.299152 0.299021 0.299021 0.299021 0.299021 0.299021 0.299021 0.298424 0.298424 
0.318498 0.318498 0.318498 0.310769 0.309563 0.307179 0.307179 0.306531 0.306531 0.306531 0.304869 0.304307 0.304015 0.304015 0.302835 0.302790 0.302790 0.302191 0.302191 0.302191 0.302191 0.302191 0.302191 0.301060 0.300942 0.300869 0.300869 0.300650 0.300416 0.300416 0.300414 0.300396 0.300396 0.300396 0.300396 0.300396 0.300396 0.300182 0.300093 0.300093 0.300093 0.299152 0.299021 0.299021 0.299021 0.299021 0.299021 0.299021 0.299021 0.298424 
0.318498 0.318498 0.318498 0.310769 0.309563 0.307179 0.307179 0.306531 0.306531 0.306531 0.304869 0.304307 0.304015 0.304015 0.302835 0.302790 0.302790 0.302191 0.302191 0.302191 0.302191 0.302191 0.302191 0.301060 0.300942 0.300869 0.300869 0.300650 0.300416 0.300416 0.300414 0.300396 0.300396 0.300396 0.300396 0.300396 0.300396 0.300182 0.300093 0.300093 0.300093 0.299152 0.299021 0.299021 0.299021 0.299021 0.299021 0.299021 0.299021 0.298424 
0.318498 0.318498 0.318498 0.310769 0.309563 0.307179 0.307179 0.306531 0.306531 0.306531 0.304869 0.304307 0.304015 0.304015 0.303913 0.303006 0.302835 0.302790 0.302790 0.302191 0.302191 0.302191 0.302191 0.302191 0.302191 0.301060 0.300942 0.300869 0.300869 0.300650 0.300416 0.300416 0.300414 0.300396 0.300396 0.300396 0.300396 0.300396 0.300396 0.300182 0.300093 0.300093 0.300093 0.299152 0.299021 0.299021 0.299021 0.299021 0.299021 0.299021 
0.318498 0.318498 0.318498 0.310769 0.309563 0.307179 0.307179 0.306531 0.306531 0.306531 0.304869 0.304307 0.304015 0.304015 0.303913 0.303006 0.302835 0.302790 0.302790 0.302191 0.302191 0.302191 0.302191 0.302191 0.302191 0.302191 0.301060 0.300942 0.300869 0.300869 0.300650 0.300416 0.300416 0.300414 0.300396 0.300396 0.300396 0.300396 0.300396 0.300396 0.300182 0.300093 0.300093 0.300093 0.299152 0.299021 0.299021 0.299021 0.299021 0.299021 
0.318498 0.318498 0.318498 0.310769 0.309563 0.307179 0.307179 0.307179 0.306531 0.306531 0.306531 0.304869 0.304307 0.304015 0.304015 0.303913 0.303006 0.302835 0.302790 0.302790 0.302191 0.302191 0.302191 0.302191 0.302191 0.302191 0.302191 0.301060 0.300942 0.300869 0.300869 0.300650 0.300416 0.300416 0.300414 0.300396 0.300396 0.300396 0.300396 0.300396 0.300396 0.300396 0.300182 0.300093 0.300093 0.300093 0.299152 0.299021 0.299021 0.299021 
0.318498 0.318498 0.318498 0.310769 0.309563 0.307179 0.307179 0.307179 0.306531 0.306531 0.306531 0.304869 0.304307 0.304015 0.304015 0.303913 0.303006 0.302835 0.302790 0.302790 0.302191 0.302191 0.302191 0.302191 0.302191 0.302191 0.302191 0.302191 0.301060 0.300942 0.300869 0.300869 0.300650 0.300416 0.300416 0.300414 0.300396 0.300396 0.300396 0.300396 0.300396 0.300396 0.300396 0.300182 0.300093 0.300093 0.300093 0.299152 0.299021 0.299021 
0.318498 0.318498 0.318498 0.310769 0.309563 0.307179 0.307179 0.307179 0.306531 0.306531 0.306531 0.304869 0.304307 0.304015 0.304015 0.303913 0.303006 0.302835 0.302790 0.302790 0.302191 0.302191 0.302191 0.302191 0.302191 0.302191 0.302191 0.302191 0.302191 0.302191 0.301060 0.300942 0.300869 0.300869 0.300650 0.300416 0.300416 0.300414 0.300396 0.300396 0.300396 0.300396 0.300396 0.300396 0.300396 0.300396 0.300182 0.300093 0.300093 0.300093 
0.318498 0.318498 0.318498 0.310769 0.309563 0.307179 0.307179 0.307179 0.306531 0.306531 0.306531 0.304869 0.304307 0.304015 0.304015 0.303913 0.303006 0.302835 0.302790 0.302790 0.302191 0.302191 0.302191 0.302191 0.302191 0.302191 0.302191 0.302191 0.302191 0.302191 0.302191 0.302161 0.301060 0.300942 0.300869 0.300869 0.300650 0.300416 0.300416 0.300414 0.300396 0.300396 0.300396 0.300396 0.300396 0.300396 0.300396 0.300396 0.300182 0.300093 
0.318498 0.318498 0.318498 0.310769 0.309563 0.307179 0.307179 0.307179 0.306531 0.306531 0.306531 0.304869 0.304307 0.304015 0.304015 0.303913 0.303006 0.302835 0.302790 0.302790 0.302191 0.302191 0.302191 0.302191 0.302191 0.302191 0.302191 0.302191 0.302191 0.302191 0.302191 0.302161 0.301060 0.300942 0.300869 0.300869 0.300650 0.300416 0.300416 0.300414 0.300396 0.300396 0.300396 0.300396 0.300396 0.300396 0.300396 0.300396 0.300182 0.300093 
0.318498 0.318498 0.318498 0.310769 0.309563 0.307179 0.307179 0.307179 0.306531 0.306531 0.306531 0.306531 0.304869 0.304307 0.304015 0.304015 0.303913 0.303006 0.302835 0.302790 0.302790 0.302191 0.302191 0.302191 0.302191 0.302191 0.302191 0.302191 0.302191 0.302191 0.302191 0.302191 0.302161 0.301060 0.300942 0.300869 0.300869 0.300779 0.300650 0.300416 0.300416 0.300414 0.300396 0.300396 0.300396 0.300396 0.300396 0.300396 0.300396 0.300396 
0.318498 0.318498 0.318498 0.310769 0.309563 0.308746 0.307179 0.307179 0.307179 0.306531 0.306531 0.306531 0.306531 0.304869 0.304307 0.304015 0.304015 0.303913 0.303006 0.302835 0.302790 0.302790 0.302191 0.302191 0.302191 0.302191 0.302191 0.302191 0.302191 0.302191 0.302191 0.302191 0.302191 0.302161 0.301060 0.300942 0.300869 0.300869 0.300779 0.300650 0.300416 0.300416 0.300414 0.300396 0.300396 0.300396 0.300396 0.300396 0.300396 0.300396 
0.318498 0.318498 0.318498 0.310769 0.309563 0.308746 0.307179 0.307179 0.307179 0.306531 0.306531 0.306531 0.306531 0.304869 0.304307 0.304015 0.304015 0.303913 0.303006 0.302835 0.302790 0.302790 0.302191 0.302191 0.302191 0.302191 0.302191 0.302191 0.302191 0.302191 0.302191 0.302191 0.302191 0.302191 0.302161 0.301060 0.300942 0.300869 0.300869 0.300779 0.300650 0.300416 0.300416 0.300414 0.300396 0.300396 0.300396 0.300396 0.300396 0.300396 
0.318498 0.318498 0.318498 0.310769 0.309563 0.308746 0.307179 0.307179 0.307179 0.306531 0.306531 0.306531 0.306531 0.304869 0.304307 0.304015 0.304015 0.303913 0.303006 0.302835 0.302790 0.302790 0.302191 0.302191 0.302191 0.302191 0.302191 0.302191 0.302191 0.302191 0.302191 0.302191 0.302191 0.302191 0.302161 0.301060 0.300942 0.300869 0.300869 0.300779 0.300650 0.300416 0.300416 0.300414 0.300396 0.300396 0.300396 0.300396 0.300396 0.300396 
0.318498 0.318498 0.318498 0.318498 0.318498 0.310769 0.309563 0.308746 0.307179 0.307179 0.307179 0.306531 0.306531 0.306531 0.306531 0.304869 0.304307 0.304015 0.304015 0.303913 0.303006 0.302835 0.302790 0.302790 0.302191 0.302191 0.302191 0.302191 0.302191 0.302191 0.302191 0.302191 0.302191 0.302191 0.302191 0.302191 0.302161 0.301060 0.300942 0.300869 0.300869 0.300779 0.300650 0.300416 0.300416 0.300414 0.300396 0.300396 0.300396 0.300396 
0.318498 0.318498 0.318498 0.318498 0.318498 0.310769 0.309563 0.308746 0.307179 0.307179 0.307179 0.306531 0.306531 0.306531 0.306531 0.304869 0.304307 0.304015 0.304015 0.303913 0.303006 0.302835 0.302790 0.302790 0.302191 0.302191 0.302191 0.302191 0.302191 0.302191 0.302191 0.302191 0.302191 0.302191 0.302191 0.302191 0.302161 0.301060 0.300942 0.300869 0.300869 0.300779 0.300650 0.300416 0.300416 0.300414 0.300396 0.300396 0.300396 0.300396 
0.318498 0.318498 0.318498 0.318498 0.318498 0.310769 0.309563 0.308746 0.307179 0.307179 0.307179 0.306531 0.306531 0.306531 0.306531 0.304869 0.304307 0.304015 0.304015 0.303913 0.303006 0.302835 0.302790 0.302790 0.302191 0.302191 0.302191 0.302191 0.302191 0.302191 0.302191 0.302191 0.302191 0.302191 0.302191 0.302191 0.302191 0.302161 0.301060 0.300942 0.300869 0.300869 0.300779 0.300650 0.300416 0.300416 0.300414 0.300396 0.300396 0.300396 
0.318498 0.318498 0.318498 0.318498 0.318498 0.310769 0.309563 0.308746 0.307179 0.307179 0.307179 0.306531 0.306531 0.306531 0.306531 0.304869 0.304869 0.304307 0.304015 0.304015 0.303913 0.303006 0.302835 0.302790 0.302790 0.302191 0.302191 0.302191 0.302191 0.302191 0.302191 0.302191 0.302191 0.302191 0.302191 0.302191 0.302191 0.302191 0.302191 0.302161 0.301060 0.300942 0.300869 0.300869 0.300779 0.300650 0.300416 0.300416 0.300414 0.300396 
0.318498 0.318498 0.318498 0.318498 0.318498 0.310769 0.309563 0.308746 0.307179 0.307179 0.307179 0.306531 0.306531 0.306531 0.306531 0.304869 0.304869 0.304307 0.304015 0.304015 0.303913 0.303006 0.302835 0.302790 0.302790 0.302191 0.302191 0.302191 0.302191 0.302191 0.302191 0.302191 0.302191 0.302191 0.302191 0.302191 0.302191 0.302191 0.302191 0.302191 0.302161 0.301913 0.301060 0.300942 0.300869 0.300869 0.300779 0.300650 0.300416 0.300416 
0.318498 0.318498 0.318498 0.318498 0.318498 0.318498 0.318498 0.310769 0.309563 0.308746 0.307179 0.307179 0.307179 0.306531 0.306531 0.306531 0.306531 0.304869 0.304869 0.304307 0.304015 0.304015 0.303913 0.303006 0.302835 0.302790 0.302790 0.302191 0.302191 0.302191 0.302191 0.302191 0.302191 0.302191 0.302191 0.302191 0.302191 0.302191 0.302191 0.302191 0.302191 0.302191 0.302161 0.301913 0.301060 0.300942 0.300869 0.300869 0.300779 0.300650 
0.318498 0.318498 0.318498 0.318498 0.318498 0.318498 0.318498 0.310769 0.309563 0.308746 0.307179 0.307179 0.307179 0.306531 0.306531 0.306531 0.306531 0.304869 0.304869 0.304307 0.304015 0.304015 0.303913 0.303006 0.302835 0.302790 0.302790 0.302191 0.302191 0.302191 0.302191 0.302191 0.302191 0.302191 0.302191 0.302191 0.302191 0.302191 0.302191 0.302191 0.302191 0.302191 0.302161 0.301913 0.301060 0.300942 0.300869 0.300869 0.300779 0.300650 
0.318498 0.318498 0.318498 0.318498 0.318498 0.318498 0.318498 0.310769 0.309563 0.308746 0.307179 0.307179 0.307179 0.306531 0.306531 0.306531 0.306531 0.304869 0.304869 0.304307 0.304015 0.304015 0.303913 0.303006 0.302835 0.302790 0.302790 0.302191 0.302191 0.302191 0.302191 0.302191 0.302191 0.302191 0.302191 0.302191 0.302191 0.302191 0.302191 0.302191 0.302191 0.302191 0.302191 0.302161 0.301913 0.301060 0.300942 0.300869 0.300869 0.300779 
0.318498 0.318498 0.318498 0.318498 0.318498 0.318498 0.318498 0.310769 0.309563 0.308746 0.307179 0.307179 0.307179 0.306531 0.306531 0.306531 0.306531 0.304869 0.304869 0.304307 0.304015 0.304015 0.303913 0.303006 0.302835 0.302790 0.302790 0.302191 0.302191 0.302191 0.302191 0.302191 0.302191 0.302191 0.302191 0.302191 0.302191 0.302191 0.302191 0.302191 0.302191 0.302191 0.302191 0.302191 0.302161 0.301913 0.301060 0.300942 0.300869 0.300869 
0.318498 0.318498 0.318498 0.318498 0.318498 0.318498 0.318498 0.310769 0.309563 0.308746 0.307179 0.307179 0.307179 0.306531 0.306531 0.306531 0.306531 0.306101 0.304869 0.304869 0.304307 0.304015 0.304015 0.303913 0.303006 0.302835 0.302790 0.302790 0.302191 0.302191 0.302191 0.302191 0.302191 0.302191 0.302191 0.302191 0.302191 0.302191 0.302191 0.302191 0.302191 0.302191 0.302191 0.302191 0.302191 0.302161 0.301913 0.301060 0.300942 0.300869 
0.318498 0.318498 0.318498 0.318498 0.318498 0.318498 0.318498 0.310769 0.309563 0.308746 0.307179 0.307179 0.307179 0.306531 0.306531 0.306531 0.306531 0.306101 0.304869 0.304869 0.304307 0.304015 0.304015 0.303913 0.303006 0.303006 0.302835 0.302790 0.302790 0.302191 0.302191 0.302191 0.302191 0.302191 0.302191 0.302191 0.302191 0.302191 0.302191 0.302191 0.302191 0.302191 0.302191 0.302191 0.302191 0.302191 0.302161 0.301913 0.301060 0.300942 
0.318498 0.318498 0.318498 0.318498 0.318498 0.318498 0.318498 0.310769 0.309563 0.308746 0.307179 0.307179 0.307179 0.306531 0.306531 0.306531 0.306531 0.306101 0.304869 0.304869 0.304307 0.304015 0.304015 0.303913 0.303006 0.303006 0.302835 0.302790 0.302790 0.302191 0.302191 0.302191 0.302191 0.302191 0.302191 0.302191 0.302191 0.302191 0.302191 0.302191 0.302191 0.302191 0.302191 0.302191 0.302191 0.302191 0.302161 0.301913 0.301060 0.300942 
0.318498 0.318498 0.318498 0.318498 0.318498 0.318498 0.318498 0.310769 0.309563 0.308746 0.307179 0.307179 0.307179 0.306531 0.306531 0.306531 0.306531 0.306101 0.304869 0.304869 0.304869 0.304307 0.304015 0.304015 0.303913 0.303006 0.303006 0.302835 0.302790 0.302790 0.302191 0.302191 0.302191 0.302191 0.302191 0.302191 0.302191 0.302191 0.302191 0.302191 0.302191 0.302191 0.302191 0.302191 0.302191 0.302191 0.302191 0.302191 0.302161 0.301913 
0.318498 0.318498 0.318498 0.318498 0.318498 0.318498 0.318498 0.310769 0.309563 0.308746 0.307179 0.307179 0.307179 0.306531 0.306531 0.306531 0.306531 0.306101 0.304869 0.304869 0.304869 0.304307 0.304015 0.304015 0.303913 0.303006 0.303006 0.302835 0.302790 0.302790 0.302191 0.302191 0.302191 0.302191 0.302191 0.302191 0.302191 0.302191 0.302191 0.302191 0.302191 0.302191 0.302191 0.302191 0.302191 0.302191 0.302191 0.302191 0.302161 0.301913 
0.318498 0.318498 0.318498 0.318498 0.318498 0.318498 0.318498 0.310769 0.309563 0.308746 0.307179 0.307179 0.307179 0.306531 0.306531 0.306531 0.306531 0.306531 0.306101 0.304869 0.304869 0.304869 0.304307 0.304015 0.304015 0.303913 0.303006 0.303006 0.302835 0.302790 0.302790 0.302191 0.302191 0.302191 0.302191 0.302191 0.302191 0.302191 0.302191 0.302191 0.302191 0.302191 0.302191 0.302191 0.302191 0.302191 0.302191 0.302191 0.302191 0.302191 
0.318498 0.318498 0.318498 0.318498 0.318498 0.318498 0.318498 0.310769 0.309563 0.308746 0.307179 0.307179 0.307179 0.306531 0.306531 0.306531 0.306531 0.306531 0.306101 0.306090 0.304869 0.304869 0.304869 0.304307 0.304015 0.304015 0.303913 0.303006 0.303006 0.302835 0.302790 0.302790 0.302191 0.302191 0.302191 0.302191 0.302191 0.302191 0.302191 0.302191 0.302191 0.302191 0.302191 0.302191 0.302191 0.302191 0.302191 0.302191 0.302191 0.302191 
0.318498 0.318498 0.318498 0.318498 0.318498 0.318498 0.318498 0.310769 0.309957 0.309563 0.308746 0.307179 0.307179 0.307179 0.306531 0.306531 0.306531 0.306531 0.306531 0.306101 0.306090 0.304869 0.304869 0.304869 0.304307 0.304015 0.304015 0.303913 0.303006 0.303006 0.302835 0.302790 0.302790 0.302191 0.302191 0.302191 0.302191 0.302191 0.302191 0.302191 0.302191 0.302191 0.302191 0.302191 0.302191 0.302191 0.302191 0.302191 0.302191 0.302191 
0.318498 0.318498 0.318498 0.318498 0.318498 0.318498 0.318498 0.318498 0.310769 0.309957 0.309563 0.308746 0.307179 0.307179 0.307179 0.306531 0.306531 0.306531 0.306531 0.306531 0.306101 0.306090 0.304869 0.304869 0.304869 0.304307 0.304015 0.304015 0.303913 0.303006 0.303006 0.302835 0.302790 0.302790 0.302191 0.302191 0.302191 0.302191 0.302191 0.302191 0.302191 0.302191 0.302191 0.302191 0.302191 0.302191 0.302191 0.302191 0.302191 0.302191 
0.318498 0.318498 0.318498 0.318498 0.318498 0.318498 0.318498 0.318498 0.310769 0.309957 0.309563 0.308746 0.307179 0.307179 0.307179 0.306531 0.306531 0.306531 0.306531 0.306531 0.306101 0.306090 0.304869 0.304869 0.304869 0.304307 0.304015 0.304015 0.303913 0.303006 0.303006 0.302835 0.302790 0.302790 0.302191 0.302191 0.302191 0.302191 0.302191 0.302191 0.302191 0.302191 0.302191 0.302191 0.302191 0.302191 0.302191 0.302191 0.302191 0.302191 
0.318498 0.318498 0.318498 0.318498 0.318498 0.318498 0.318498 0.318498 0.310769 0.309957 0.309563 0.308746 0.307179 0.307179 0.307179 0.306531 0.306531 0.306531 0.306531 0.306531 0.306101 0.306090 0.304869 0.304869 0.304869 0.304307 0.304015 0.304015 0.303913 0.303006 0.303006 0.302835 0.302790 0.302790 0.302191 0.302191 0.302191 0.302191 0.302191 0.302191 0.302191 0.302191 0.302191 0.302191 0.302191 0.302191 0.302191 0.302191 0.302191 0.302191 
0.318498 0.318498 0.318498 0.318498 0.318498 0.318498 0.318498 0.318498 0.310769 0.309957 0.309563 0.308746 0.307179 0.307179 0.307179 0.306531 0.306531 0.306531 0.306531 0.306531 0.306101 0.306090 0.304869 0.304869 0.304869 0.304869 0.304307 0.304015 0.304015 0.303913 0.303006 0.303006 0.302835 0.302790 0.302790 0.302191 0.302191 0.302191 0.302191 0.302191 0.302191 0.302191 0.302191 0.302191 0.302191 0.302191 0.302191 0.302191 0.302191 0.302191 
0.318498 0.318498 0.318498 0.318498 0.318498 0.318498 0.318498 0.318498 0.310769 0.309957 0.309563 0.308746 0.307179 0.307179 0.307179 0.306531 0.306531 0.306531 0.306531 0.306531 0.306101 0.306090 0.304869 0.304869 0.304869 0.304869 0.304307 0.304015 0.304015 0.303913 0.303006 0.303006 0.302835 0.302790 0.302790 0.302191 0.302191 0.302191 0.302191 0.302191 0.302191 0.302191 0.302191 0.302191 0.302191 0.302191 0.302191 0.302191 0.302191 0.302191 
0.318498 0.318498 0.318498 0.318498 0.318498 0.318498 0.318498 0.318498 0.313361 0.310769 0.309957 0.309563 0.308746 0.307179 0.307179 0.307179 0.306531 0.306531 0.306531 0.306531 0.306531 0.306101 0.306090 0.304869 0.304869 0.304869 0.304869 0.304307 0.304015 0.304015 0.303913 0.303006 0.303006 0.302835 0.302790 0.302790 0.302191 0.302191 0.302191 0.302191 0.302191 0.302191 0.302191 0.302191 0.302191 0.302191 0.302191 0.302191 0.302191 0.302191 
0.318498 0.318498 0.318498 0.318498 0.318498 0.318498 0.318498 0.318498 0.315526 0.313361 0.310769 0.309957 0.309563 0.308746 0.307179 0.307179 0.307179 0.306531 0.306531 0.306531 0.306531 0.306531 0.306101 0.306090 0.305058 0.304869 0.304869 0.304869 0.304869 0.304307 0.304015 0.304015 0.303913 0.303006 0.303006 0.302835 0.302790 0.302790 0.302191 0.302191 0.302191 0.302191 0.302191 0.302191 0.302191 0.302191 0.302191 0.302191 0.302191 0.302191 
0.318498 0.318498 0.318498 0.318498 0.318498 0.318498 0.318498 0.318498 0.315526 0.313361 0.310769 0.309957 0.309563 0.308746 0.307242 0.307179 0.307179 0.307179 0.306531 0.306531 0.306531 0.306531 0.306531 0.306422 0.306101 0.306090 0.305058 0.304869 0.304869 0.304869 0.304869 0.304307 0.304015 0.304015 0.303913 0.303006 0.303006 0.302835 0.302790 0.302790 0.302191 0.302191 0.302191 0.302191 0.302191 0.302191 0.302191 0.302191 0.302191 0.302191 
0.318498 0.318498 0.318498 0.318498 0.318498 0.318498 0.318498 0.318498 0.315526 0.313361 0.310769 0.309957 0.309563 0.309563 0.308746 0.307242 0.307179 0.307179 0.307179 0.307179 0.306531 0.306531 0.306531 0.306531 0.306531 0.306422 0.306101 0.306090 0.305058 0.304869 0.304869 0.304869 0.304869 0.304307 0.304015 0.304015 0.303913 0.303006 0.303006 0.302835 0.302790 0.302790 0.302191 0.302191 0.302191 0.302191 0.302191 0.302191 0.302191 0.302191 
0.318498 0.318498 0.318498 0.318498 0.318498 0.318498 0.318498 0.318498 0.315526 0.313361 0.310769 0.309957 0.309563 0.309563 0.308746 0.307242 0.307179 0.307179 0.307179 0.307179 0.306531 0.306531 0.306531 0.306531 0.306531 0.306422 0.306101 0.306090 0.305058 0.304869 0.304869 0.304869 0.304869 0.304307 0.304015 0.304015 0.303913 0.303006 0.303006 0.302835 0.302790 0.302790 0.302191 0.302191 0.302191 0.302191 0.302191 0.302191 0.302191 0.302191 
0.318498 0.318498 0.318498 0.318498 0.318498 0.318498 0.318498 0.318498 0.318498 0.315526 0.313361 0.310769 0.309957 0.309563 0.309563 0.308746 0.307242 0.307179 0.307179 0.307179 0.307179 0.307067 0.306531 0.306531 0.306531 0.306531 0.306531 0.306422 0.306101 0.306090 0.306090 0.305058 0.304869 0.304869 0.304869 0.304869 0.304307 0.304015 0.304015 0.303913 0.303006 0.303006 0.302835 0.302790 0.302790 0.302191 0.302191 0.302191 0.302191 0.302191 
0.318498 0.318498 0.318498 0.318498 0.318498 0.318498 0.318498 0.318498 0.318498 0.315526 0.313361 0.310769 0.309957 0.309563 0.309563 0.308746 0.307242 0.307179 0.307179 0.307179 0.307179 0.307067 0.306531 0.306531 0.306531 0.306531 0.306531 0.306422 0.306101 0.306090 0.306090 0.305058 0.304869 0.304869 0.304869 0.304869 0.304307 0.304015 0.304015 0.304015 0.303913 0.303006 0.303006 0.302835 0.302790 0.302790 0.302191 0.302191 0.302191 0.302191 
0.318498 0.318498 0.318498 0.318498 0.318498 0.318498 0.318498 0.318498 0.318498 0.318498 0.315526 0.313361 0.310769 0.309957 0.309563 0.309563 0.308746 0.307242 0.307179 0.307179 0.307179 0.307179 0.307067 0.306531 0.306531 0.306531 0.306531 0.306531 0.306422 0.306101 0.306090 0.306090 0.305058 0.304869 0.304869 0.304869 0.304869 0.304307 0.304015 0.304015 0.304015 0.304015 0.303913 0.303006 0.303006 0.302835 0.302790 0.302790 0.302191 0.302191 
0.318498 0.318498 0.318498 0.318498 0.318498 0.318498 0.318498 0.318498 0.318498 0.318498 0.318498 0.318498 0.315526 0.313361 0.310769 0.309957 0.309563 0.309563 0.308746 0.307242 0.307179 0.307179 0.307179 0.307179 0.307067 0.306531 0.306531 0.306531 0.306531 0.306531 0.306422 0.306101 0.306090 0.306090 0.305058 0.304869 0.304869 0.304869 0.304869 0.304307 0.304015 0.304015 0.304015 0.304015 0.303913 0.303006 0.303006 0.302835 0.302790 0.302790 
0.318498 0.318498 0.318498 0.318498 0.318498 0.318498 0.318498 0.318498 0.318498 0.318498 0.318498 0.318498 0.315526 0.313361 0.310769 0.309957 0.309563 0.309563 0.308746 0.307242 0.307179 0.307179 0.307179 0.307179 0.307067 0.306531 0.306531 0.306531 0.306531 0.306531 0.306422 0.306101 0.306090 0.306090 0.305058 0.304869 0.304869 0.304869 0.304869 0.304307 0.304015 0.304015 0.304015 0.304015 0.303913 0.303006 0.303006 0.302835 0.302790 0.302790 
0.318498 0.318498 0.318498 0.318498 0.318498 0.318498 0.318498 0.318498 0.318498 0.318498 0.318498 0.318498 0.315526 0.313361 0.310769 0.309957 0.309563 0.309563 0.308746 0.307242 0.307179 0.307179 0.307179 0.307179 0.307067 0.306531 0.306531 0.306531 0.306531 0.306531 0.306422 0.306101 0.306090 0.306090 0.305058 0.304869 0.304869 0.304869 0.304869 0.304307 0.304015 0.304015 0.304015 0.304015 0.303913 0.303006 0.303006 0.302835 0.302790 0.302790 
0.318498 0.318498 0.318498 0.318498 0.318498 0.318498 0.318498 0.318498 0.318498 0.318498 0.318498 0.318498 0.318498 0.315526 0.314703 0.313361 0.310769 0.309957 0.309563 0.309563 0.308746 0.307242 0.307179 0.307179 0.307179 0.307179 0.307067 0.306531 0.306531 0.306531 0.306531 0.306531 0.306422 0.306101 0.306090 0.306090 0.305058 0.304869 0.304869 0.304869 0.304869 0.304307 0.304015 0.304015 0.304015 0.304015 0.303913 0.303006 0.303006 0.302835 
0.318498 0.318498 0.318498 0.318498 0.318498 0.318498 0.318498 0.318498 0.318498 0.318498 0.318498 0.318498 0.318498 0.318498 0.315526 0.314703 0.313361 0.310769 0.309957 0.309563 0.309563 0.308746 0.307242 0.307179 0.307179 0.307179 0.307179 0.307067 0.306531 0.306531 0.306531 0.306531 0.306531 0.306422 0.306101 0.306090 0.306090 0.305058 0.304869 0.304869 0.304869 0.304869 0.304774 0.304307 0.304015 0.304015 0.304015 0.304015 0.303913 0.303006 
0.318498 0.318498 0.318498 0.318498 0.318498 0.318498 0.318498 0.318498 0.318498 0.318498 0.318498 0.318498 0.318498 0.318498 0.315526 0.314703 0.313361 0.310769 0.309957 0.309563 0.309563 0.308746 0.307242 0.307179 0.307179 0.307179 0.307179 0.307067 0.306531 0.306531 0.306531 0.306531 0.306531 0.306422 0.306101 0.306090 0.306090 0.305058 0.304869 0.304869 0.304869 0.304869 0.304774 0.304307 0.304015 0.304015 0.304015 0.304015 0.303913 0.303006 
0.318498 0.318498 0.318498 0.318498 0.318498 0.318498 0.318498 0.318498 0.318498 0.318498 0.318498 0.318498 0.318498 0.318498 0.315526 0.314703 0.313361 0.310769 0.309957 0.309563 0.309563 0.308746 0.307242 0.307179 0.307179 0.307179 0.307179 0.307067 0.306531 0.306531 0.306531 0.306531 0.306531 0.306422 0.306101 0.306090 0.306090 0.305058 0.304869 0.304869 0.304869 0.304869 0.304774 0.304307 0.304015 0.304015 0.304015 0.304015 0.303913 0.303006 
0.318498 0.318498 0.318498 0.318498 0.318498 0.318498 0.318498 0.318498 0.318498 0.318498 0.318498 0.318498 0.318498 0.318498 0.315526 0.314703 0.313361 0.310769 0.309957 0.309957 0.309563 0.309563 0.308746 0.307242 0.307179 0.307179 0.307179 0.307179 0.307067 0.306531 0.306531 0.306531 0.306531 0.306531 0.306422 0.306101 0.306090 0.306090 0.305058 0.304869 0.304869 0.304869 0.304869 0.304774 0.304307 0.304015 0.304015 0.304015 0.304015 0.303913 
0.318498 0.318498 0.318498 0.318498 0.318498 0.318498 0.318498 0.318498 0.318498 0.318498 0.318498 0.318498 0.318498 0.318498 0.318498 0.315526 0.314703 0.313361 0.310769 0.309957 0.309957 0.309563 0.309563 0.308746 0.307242 0.307179 0.307179 0.307179 0.307179 0.307067 0.306531 0.306531 0.306531 0.306531 0.306531 0.306422 0.306101 0.306090 0.306090 0.305058 0.304869 0.304869 0.304869 0.304869 0.304774 0.304307 0.304015 0.304015 0.304015 0.304015 
0.318498 0.318498 0.318498 0.318498 0.318498 0.318498 0.318498 0.318498 0.318498 0.318498 0.318498 0.318498 0.318498 0.318498 0.318498 0.318498 0.315526 0.314703 0.313361 0.310769 0.309957 0.309957 0.309563 0.309563 0.308746 0.307242 0.307179 0.307179 0.307179 0.307179 0.307067 0.306531 0.306531 0.306531 0.306531 0.306531 0.306531 0.306422 0.306101 0.306090 0.306090 0.305058 0.304869 0.304869 0.304869 0.304869 0.304774 0.304307 0.304015 0.304015 
0.319690 0.318498 0.318498 0.318498 0.318498 0.318498 0.318498 0.318498 0.318498 0.318498 0.318498 0.318498 0.318498 0.318498 0.318498 0.318498 0.318498 0.315526 0.314703 0.313361 0.310769 0.309957 0.309957 0.309563 0.309563 0.308746 0.308065 0.307242 0.307179 0.307179 0.307179 0.307179 0.307067 0.306531 0.306531 0.306531 0.306531 0.306531 0.306531 0.306422 0.306101 0.306090 0.306090 0.305058 0.304869 0.304869 0.304869 0.304869 0.304774 0.304307 
0.319690 0.318498 0.318498 0.318498 0.318498 0.318498 0.318498 0.318498 0.318498 0.318498 0.318498 0.318498 0.318498 0.318498 0.318498 0.318498 0.318498 0.315526 0.314703 0.313361 0.310769 0.309957 0.309957 0.309563 0.309563 0.308746 0.308065 0.307242 0.307179 0.307179 0.307179 0.307179 0.307067 0.306531 0.306531 0.306531 0.306531 0.306531 0.306531 0.306422 0.306261 0.306101 0.306090 0.306090 0.305058 0.304869 0.304869 0.304869 0.304869 0.304774 
0.319690 0.318498 0.318498 0.318498 0.318498 0.318498 0.318498 0.318498 0.318498 0.318498 0.318498 0.318498 0.318498 0.318498 0.318498 0.318498 0.318498 0.315526 0.314703 0.313361 0.313361 0.310769 0.309957 0.309957 0.309563 0.309563 0.308746 0.308065 0.307242 0.307179 0.307179 0.307179 0.307179 0.307067 0.306531 0.306531 0.306531 0.306531 0.306531 0.306531 0.306422 0.306261 0.306101 0.306090 0.306090 0.305058 0.304869 0.304869 0.304869 0.304869 
0.319690 0.318498 0.318498 0.318498 0.318498 0.318498 0.318498 0.318498 0.318498 0.318498 0.318498 0.318498 0.318498 0.318498 0.318498 0.318498 0.318498 0.315526 0.314703 0.313361 0.313361 0.310769 0.309957 0.309957 0.309563 0.309563 0.308746 0.308065 0.307242 0.307179 0.307179 0.307179 0.307179 0.307067 0.306531 0.306531 0.306531 0.306531 0.306531 0.306531 0.306422 0.306261 0.306143 0.306101 0.306090 0.306090 0.305058 0.304869 0.304869 0.304869 
0.319690 0.318498 0.318498 0.318498 0.318498 0.318498 0.318498 0.318498 0.318498 0.318498 0.318498 0.318498 0.318498 0.318498 0.318498 0.318498 0.318498 0.315526 0.314703 0.313361 0.313361 0.310769 0.309957 0.309957 0.309563 0.309563 0.308746 0.308065 0.307242 0.307242 0.307179 0.307179 0.307179 0.307179 0.307067 0.306531 0.306531 0.306531 0.306531 0.306531 0.306531 0.306422 0.306261 0.306143 0.306101 0.306090 0.306090 0.305058 0.304869 0.304869 
0.319690 0.318498 0.318498 0.318498 0.318498 0.318498 0.318498 0.318498 0.318498 0.318498 0.318498 0.318498 0.318498 0.318498 0.318498 0.318498 0.318498 0.315526 0.314703 0.313361 0.313361 0.310769 0.309957 0.309957 0.309563 0.309563 0.308746 0.308065 0.307242 0.307242 0.307179 0.307179 0.307179 0.307179 0.307067 0.306531 0.306531 0.306531 0.306531 0.306531 0.306531 0.306422 0.306261 0.306143 0.306101 0.306090 0.306090 0.305058 0.304869 0.304869 
0.319690 0.318498 0.318498 0.318498 0.318498 0.318498 0.318498 0.318498 0.318498 0.318498 0.318498 0.318498 0.318498 0.318498 0.318498 0.318498 0.318498 0.318498 0.318498 0.315526 0.314703 0.313361 0.313361 0.310769 0.309957 0.309957 0.309563 0.309563 0.308746 0.308065 0.307242 0.307242 0.307179 0.307179 0.307179 0.307179 0.307067 0.306531 0.306531 0.306531 0.306531 0.306531 0.306531 0.306422 0.306261 0.306143 0.306101 0.306090 0.306090 0.305058 
0.319690 0.319690 0.318498 0.318498 0.318498 0.318498 0.318498 0.318498 0.318498 0.318498 0.318498 0.318498 0.318498 0.318498 0.318498 0.318498 0.318498 0.318498 0.318498 0.318498 0.318498 0.315526 0.314703 0.313361 0.313361 0.310769 0.309957 0.309957 0.309563 0.309563 0.308746 0.308065 0.307242 0.307242 0.307179 0.307179 0.307179 0.307179 0.307067 0.306531 0.306531 0.306531 0.306531 0.306531 0.306531 0.306422 0.306261 0.306143 0.306101 0.306090 
0.319690 0.319690 0.318498 0.318498 0.318498 0.318498 0.318498 0.318498 0.318498 0.318498 0.318498 0.318498 0.318498 0.318498 0.318498 0.318498 0.318498 0.318498 0.318498 0.318498 0.318498 0.315526 0.314703 0.313361 0.313361 0.310769 0.309957 0.309957 0.309563 0.309563 0.308746 0.308065 0.307242 0.307242 0.307179 0.307179 0.307179 0.307179 0.307067 0.306531 0.306531 0.306531 0.306531 0.306531 0.306531 0.306422 0.306261 0.306143 0.306101 0.306090 
0.319690 0.319690 0.318498 0.318498 0.318498 0.318498 0.318498 0.318498 0.318498 0.318498 0.318498 0.318498 0.318498 0.318498 0.318498 0.318498 0.318498 0.318498 0.318498 0.318498 0.318498 0.318498 0.315526 0.314703 0.313361 0.313361 0.310769 0.309957 0.309957 0.309563 0.309563 0.308746 0.308065 0.307242 0.307242 0.307179 0.307179 0.307179 0.307179 0.307067 0.306531 0.306531 0.306531 0.306531 0.306531 0.306531 0.306422 0.306261 0.306143 0.306101 
0.319690 0.319690 0.318498 0.318498 0.318498 0.318498 0.318498 0.318498 0.318498 0.318498 0.318498 0.318498 0.318498 0.318498 0.318498 0.318498 0.318498 0.318498 0.318498 0.318498 0.318498 0.318498 0.315526 0.314703 0.313361 0.313361 0.310769 0.309957 0.309957 0.309563 0.309563 0.308746 0.308065 0.307242 0.307242 0.307179 0.307179 0.307179 0.307179 0.307067 0.306531 0.306531 0.306531 0.306531 0.306531 0.306531 0.306422 0.306261 0.306143 0.306101 
0.319690 0.319690 0.318498 0.318498 0.318498 0.318498 0.318498 0.318498 0.318498 0.318498 0.318498 0.318498 0.318498 0.318498 0.318498 0.318498 0.318498 0.318498 0.318498 0.318498 0.318498 0.318498 0.318498 0.315526 0.314703 0.313361 0.313361 0.310769 0.309957 0.309957 0.309563 0.309563 0.308746 0.308065 0.307242 0.307242 0.307179 0.307179 0.307179 0.307179 0.307067 0.306531 0.306531 0.306531 0.306531 0.306531 0.306531 0.306422 0.306261 0.306143 
0.319690 0.319690 0.318498 0.318498 0.318498 0.318498 0.318498 0.318498 0.318498 0.318498 0.318498 0.318498 0.318498 0.318498 0.318498 0.318498 0.318498 0.318498 0.318498 0.318498 0.318498 0.318498 0.318498 0.315526 0.314703 0.314703 0.313361 0.313361 0.310769 0.309957 0.309957 0.309563 0.309563 0.308746 0.308065 0.307242 0.307242 0.307179 0.307179 0.307179 0.307179 0.307067 0.306531 0.306531 0.306531 0.306531 0.306531 0.306531 0.306422 0.306261 
0.319690 0.319690 0.319690 0.318498 0.318498 0.318498 0.318498 0.318498 0.318498 0.318498 0.318498 0.318498 0.318498 0.318498 0.318498 0.318498 0.318498 0.318498 0.318498 0.318498 0.318498 0.318498 0.318498 0.318498 0.318498 0.318498 0.315526 0.314703 0.314703 0.313361 0.313361 0.310769 0.309957 0.309957 0.309563 0.309563 0.308746 0.308065 0.307242 0.307242 0.307179 0.307179 0.307179 0.307179 0.307067 0.306531 0.306531 0.306531 0.306531 0.306531 
0.319690 0.319690 0.319690 0.318498 0.318498 0.318498 0.318498 0.318498 0.318498 0.318498 0.318498 0.318498 0.318498 0.318498 0.318498 0.318498 0.318498 0.318498 0.318498 0.318498 0.318498 0.318498 0.318498 0.318498 0.318498 0.318498 0.315526 0.314703 0.314703 0.313361 0.313361 0.310769 0.309957 0.309957 0.309563 0.309563 0.308746 0.308065 0.307242 0.307242 0.307179 0.307179 0.307179 0.307179 0.307067 0.307067 0.306531 0.306531 0.306531 0.306531 
0.319690 0.319690 0.319690 0.318498 0.318498 0.318498 0.318498 0.318498 0.318498 0.318498 0.318498 0.318498 0.318498 0.318498 0.318498 0.318498 0.318498 0.318498 0.318498 0.318498 0.318498 0.318498 0.318498 0.318498 0.318498 0.318498 0.318498 0.315526 0.314703 0.314703 0.314703 0.313361 0.313361 0.310769 0.310494 0.309957 0.309957 0.309563 0.309563 0.308746 0.308065 0.307242 0.307242 0.307179 0.307179 0.307179 0.307179 0.307067 0.307067 0.306531 
0.319690 0.319690 0.319690 0.318498 0.318498 0.318498 0.318498 0.318498 0.318498 0.318498 0.318498 0.318498 0.318498 0.318498 0.318498 0.318498 0.318498 0.318498 0.318498 0.318498 0.318498 0.318498 0.318498 0.318498 0.318498 0.318498 0.318498 0.315526 0.314703 0.314703 0.314703 0.313361 0.313361 0.310769 0.310494 0.309957 0.309957 0.309563 0.309563 0.308746 0.308504 0.308065 0.307242 0.307242 0.307179 0.307179 0.307179 0.307179 0.307067 0.307067 
0.319690 0.319690 0.319690 0.318498 0.318498 0.318498 0.318498 0.318498 0.318498 0.318498 0.318498 0.318498 0.318498 0.318498 0.318498 0.318498 0.318498 0.318498 0.318498 0.318498 0.318498 0.318498 0.318498 0.318498 0.318498 0.318498 0.318498 0.318498 0.315526 0.314703 0.314703 0.314703 0.313361 0.313361 0.310769 0.310494 0.309957 0.309957 0.309563 0.309563 0.308746 0.308504 0.308065 0.307242 0.307242 0.307179 0.307179 0.307179 0.307179 0.307067 
0.319690 0.319690 0.319690 0.318498 0.318498 0.318498 0.318498 0.318498 0.318498 0.318498 0.318498 0.318498 0.318498 0.318498 0.318498 0.318498 0.318498 0.318498 0.318498 0.318498 0.318498 0.318498 0.318498 0.318498 0.318498 0.318498 0.318498 0.318498 0.315526 0.314703 0.314703 0.314703 0.313361 0.313361 0.310769 0.310494 0.309957 0.309957 0.309563 0.309563 0.308746 0.308504 0.308065 0.307242 0.307242 0.307179 0.307179 0.307179 0.307179 0.307067 
0.319690 0.319690 0.319690 0.318498 0.318498 0.318498 0.318498 0.318498 0.318498 0.318498 0.318498 0.318498 0.318498 0.318498 0.318498 0.318498 0.318498 0.318498 0.318498 0.318498 0.318498 0.318498 0.318498 0.318498 0.318498 0.318498 0.318498 0.318498 0.315526 0.314703 0.314703 0.314703 0.314582 0.313361 0.313361 0.310769 0.310494 0.309957 0.309957 0.309563 0.309563 0.308746 0.308504 0.308065 0.307242 0.307242 0.307179 0.307179 0.307179 0.307179 
0.319690 0.319690 0.319690 0.318498 0.318498 0.318498 0.318498 0.318498 0.318498 0.318498 0.318498 0.318498 0.318498 0.318498 0.318498 0.318498 0.318498 0.318498 0.318498 0.318498 0.318498 0.318498 0.318498 0.318498 0.318498 0.318498 0.318498 0.318498 0.315526 0.315526 0.314703 0.314703 0.314703 0.314582 0.313361 0.313361 0.310769 0.310494 0.309957 0.309957 0.309563 0.309563 0.308746 0.308504 0.308065 0.307242 0.307242 0.307179 0.307179 0.307179 
0.319690 0.319690 0.319690 0.318498 0.318498 0.318498 0.318498 0.318498 0.318498 0.318498 0.318498 0.318498 0.318498 0.318498 0.318498 0.318498 0.318498 0.318498 0.318498 0.318498 0.318498 0.318498 0.318498 0.318498 0.318498 0.318498 0.318498 0.318498 0.315526 0.315526 0.314703 0.314703 0.314703 0.314582 0.313361 0.313361 0.310769 0.310494 0.309957 0.309957 0.309563 0.309563 0.308746 0.308504 0.308065 0.307242 0.307242 0.307179 0.307179 0.307179 
0.319690 0.319690 0.319690 0.318498 0.318498 0.318498 0.318498 0.318498 0.318498 0.318498 0.318498 0.318498 0.318498 0.318498 0.318498 0.318498 0.318498 0.318498 0.318498 0.318498 0.318498 0.318498 0.318498 0.318498 0.318498 0.318498 0.318498 0.318498 0.318498 0.315526 0.315526 0.314703 0.314703 0.314703 0.314582 0.313361 0.313361 0.310769 0.310494 0.309957 0.309957 0.309563 0.309563 0.308746 0.308504 0.308065 0.308065 0.307242 0.307242 0.307179 
0.319690 0.319690 0.319690 0.318498 0.318498 0.318498 0.318498 0.318498 0.318498 0.318498 0.318498 0.318498 0.318498 0.318498 0.318498 0.318498 0.318498 0.318498 0.318498 0.318498 0.318498 0.318498 0.318498 0.318498 0.318498 0.318498 0.318498 0.318498 0.318498 0.318498 0.315526 0.315526 0.314703 0.314703 0.314703 0.314582 0.313361 0.313361 0.310769 0.310494 0.309957 0.309957 0.309563 0.309563 0.308746 0.308504 0.308065 0.308065 0.307242 0.307242 
0.319690 0.319690 0.319690 0.318498 0.318498 0.318498 0.318498 0.318498 0.318498 0.318498 0.318498 0.318498 0.318498 0.318498 0.318498 0.318498 0.318498 0.318498 0.318498 0.318498 0.318498 0.318498 0.318498 0.318498 0.318498 0.318498 0.318498 0.318498 0.318498 0.318498 0.315526 0.315526 0.315526 0.314703 0.314703 0.314703 0.314582 0.313361 0.313361 0.310769 0.310494 0.309957 0.309957 0.309563 0.309563 0.308746 0.308504 0.308065 0.308065 0.307242 
0.319690 0.319690 0.319690 0.318498 0.318498 0.318498 0.318498 0.318498 0.318498 0.318498 0.318498 0.318498 0.318498 0.318498 0.318498 0.318498 0.318498 0.318498 0.318498 0.318498 0.318498 0.318498 0.318498 0.318498 0.318498 0.318498 0.318498 0.318498 0.318498 0.318498 0.318498 0.318498 0.315526 0.315526 0.315526 0.314703 0.314703 0.314703 0.314703 0.314582 0.313361 0.313361 0.310769 0.310494 0.309957 0.309957 0.309563 0.309563 0.308746 0.308504 
0.319690 0.319690 0.319690 0.318498 0.318498 0.318498 0.318498 0.318498 0.318498 0.318498 0.318498 0.318498 0.318498 0.318498 0.318498 0.318498 0.318498 0.318498 0.318498 0.318498 0.318498 0.318498 0.318498 0.318498 0.318498 0.318498 0.318498 0.318498 0.318498 0.318498 0.318498 0.318498 0.315526 0.315526 0.315526 0.314703 0.314703 0.314703 0.314703 0.314703 0.314703 0.314582 0.313361 0.313361 0.310769 0.310494 0.309957 0.309957 0.309563 0.309563 
0.319690 0.319690 0.319690 0.318498 0.318498 0.318498 0.318498 0.318498 0.318498 0.318498 0.318498 0.318498 0.318498 0.318498 0.318498 0.318498 0.318498 0.318498 0.318498 0.318498 0.318498 0.318498 0.318498 0.318498 0.318498 0.318498 0.318498 0.318498 0.318498 0.318498 0.318498 0.318498 0.318498 0.315526 0.315526 0.315526 0.314703 0.314703 0.314703 0.314703 0.314703 0.314703 0.314582 0.313361 0.313361 0.310798 0.310769 0.310494 0.309957 0.309957 
0.320346 0.319690 0.319690 0.319690 0.318498 0.318498 0.318498 0.318498 0.318498 0.318498 0.318498 0.318498 0.318498 0.318498 0.318498 0.318498 0.318498 0.318498 0.318498 0.318498 0.318498 0.318498 0.318498 0.318498 0.318498 0.318498 0.318498 0.318498 0.318498 0.318498 0.318498 0.318498 0.318498 0.318498 0.315526 0.315526 0.315526 0.314703 0.314703 0.314703 0.314703 0.314703 0.314703 0.314582 0.313361 0.313361 0.310798 0.310769 0.310494 0.309957 
0.320346 0.319690 0.319690 0.319690 0.318498 0.318498 0.318498 0.318498 0.318498 0.318498 0.318498 0.318498 0.318498 0.318498 0.318498 0.318498 0.318498 0.318498 0.318498 0.318498 0.318498 0.318498 0.318498 0.318498 0.318498 0.318498 0.318498 0.318498 0.318498 0.318498 0.318498 0.318498 0.318498 0.318498 0.318498 0.318498 0.315526 0.315526 0.315526 0.314703 0.314703 0.314703 0.314703 0.314703 0.314703 0.314703 0.314582 0.313361 0.313361 0.310798 
0.320346 0.319690 0.319690 0.319690 0.318498 0.318498 0.318498 0.318498 0.318498 0.318498 0.318498 0.318498 0.318498 0.318498 0.318498 0.318498 0.318498 0.318498 0.318498 0.318498 0.318498 0.318498 0.318498 0.318498 0.318498 0.318498 0.318498 0.318498 0.318498 0.318498 0.318498 0.318498 0.318498 0.318498 0.318498 0.318498 0.318498 0.315526 0.315526 0.315526 0.314703 0.314703 0.314703 0.314703 0.314703 0.314703 0.314703 0.314703 0.314582 0.313361 
0.320346 0.319690 0.319690 0.319690 0.318498 0.318498 0.318498 0.318498 0.318498 0.318498 0.318498 0.318498 0.318498 0.318498 0.318498 0.318498 0.318498 0.318498 0.318498 0.318498 0.318498 0.318498 0.318498 0.318498 0.318498 0.318498 0.318498 0.318498 0.318498 0.318498 0.318498 0.318498 0.318498 0.318498 0.318498 0.318498 0.318498 0.318498 0.315526 0.315526 0.315526 0.314703 0.314703 0.314703 0.314703 0.314703 0.314703 0.314703 0.314703 0.314582 
0.320346 0.319690 0.319690 0.319690 0.318498 0.318498 0.318498 0.318498 0.318498 0.318498 0.318498 0.318498 0.318498 0.318498 0.318498 0.318498 0.318498 0.318498 0.318498 0.318498 0.318498 0.318498 0.318498 0.318498 0.318498 0.318498 0.318498 0.318498 0.318498 0.318498 0.318498 0.318498 0.318498 0.318498 0.318498 0.318498 0.318498 0.318498 0.315526 0.315526 0.315526 0.314703 0.314703 0.314703 0.314703 0.314703 0.314703 0.314703 0.314703 0.314703 
0.320346 0.319690 0.319690 0.319690 0.318498 0.318498 0.318498 0.318498 0.318498 0.318498 0.318498 0.318498 0.318498 0.318498 0.318498 0.318498 0.318498 0.318498 0.318498 0.318498 0.318498 0.318498 0.318498 0.318498 0.318498 0.318498 0.318498 0.318498 0.318498 0.318498 0.318498 0.318498 0.318498 0.318498 0.318498 0.318498 0.318498 0.318498 0.315526 0.315526 0.315526 0.314703 0.314703 0.314703 0.314703 0.314703 0.314703 0.314703 0.314703 0.314703 
0.320346 0.319690 0.319690 0.319690 0.318498 0.318498 0.318498 0.318498 0.318498 0.318498 0.318498 0.318498 0.318498 0.318498 0.318498 0.318498 0.318498 0.318498 0.318498 0.318498 0.318498 0.318498 0.318498 0.318498 0.318498 0.318498 0.318498 0.318498 0.318498 0.318498 0.318498 0.318498 0.318498 0.318498 0.318498 0.318498 0.318498 0.318498 0.315526 0.315526 0.315526 0.314703 0.314703 0.314703 0.314703 0.314703 0.314703 0.314703 0.314703 0.314703 
0.320346 0.319690 0.319690 0.319690 0.318498 0.318498 0.318498 0.318498 0.318498 0.318498 0.318498 0.318498 0.318498 0.318498 0.318498 0.318498 0.318498 0.318498 0.318498 0.318498 0.318498 0.318498 0.318498 0.318498 0.318498 0.318498 0.318498 0.318498 0.318498 0.318498 0.318498 0.318498 0.318498 0.318498 0.318498 0.318498 0.318498 0.318498 0.315526 0.315526 0.315526 0.314703 0.314703 0.314703 0.314703 0.314703 0.314703 0.314703 0.314703 0.314703 
0.320346 0.319690 0.319690 0.319690 0.318498 0.318498 0.318498 0.318498 0.318498 0.318498 0.318498 0.318498 0.318498 0.318498 0.318498 0.318498 0.318498 0.318498 0.318498 0.318498 0.318498 0.318498 0.318498 0.318498 0.318498 0.318498 0.318498 0.318498 0.318498 0.318498 0.318498 0.318498 0.318498 0.318498 0.318498 0.318498 0.318498 0.318498 0.318498 0.315526 0.315526 0.315526 0.314703 0.314703 0.314703 0.314703 0.314703 0.314703 0.314703 0.314703 
0.320346 0.319690 0.319690 0.319690 0.318498 0.318498 0.318498 0.318498 0.318498 0.318498 0.318498 0.318498 0.318498 0.318498 0.318498 0.318498 0.318498 0.318498 0.318498 0.318498 0.318498 0.318498 0.318498 0.318498 0.318498 0.318498 0.318498 0.318498 0.318498 0.318498 0.318498 0.318498 0.318498 0.318498 0.318498 0.318498 0.318498 0.318498 0.318498 0.318498 0.315526 0.315526 0.315526 0.314703 0.314703 0.314703 0.314703 0.314703 0.314703 0.314703 
0.320346 0.320346 0.319690 0.319690 0.319690 0.318498 0.318498 0.318498 0.318498 0.318498 0.318498 0.318498 0.318498 0.318498 0.318498 0.318498 0.318498 0.318498 0.318498 0.318498 0.318498 0.318498 0.318498 0.318498 0.318498 0.318498 0.318498 0.318498 0.318498 0.318498 0.318498 0.318498 0.318498 0.318498 0.318498 0.318498 0.318498 0.318498 0.318498 0.318498 0.318498 0.318498 0.315526 0.315526 0.315526 0.314703 0.314703 0.314703 0.314703 0.314703 
0.320346 0.320346 0.319690 0.319690 0.319690 0.318498 0.318498 0.318498 0.318498 0.318498 0.318498 0.318498 0.318498 0.318498 0.318498 0.318498 0.318498 0.318498 0.318498 0.318498 0.318498 0.318498 0.318498 0.318498 0.318498 0.318498 0.318498 0.318498 0.318498 0.318498 0.318498 0.318498 0.318498 0.318498 0.318498 0.318498 0.318498 0.318498 0.318498 0.318498 0.318498 0.318498 0.318498 0.315526 0.315526 0.315526 0.314703 0.314703 0.314703 0.314703 
0.320346 0.320346 0.319690 0.319690 0.319690 0.318498 0.318498 0.318498 0.318498 0.318498 0.318498 0.318498 0.318498 0.318498 0.318498 0.318498 0.318498 0.318498 0.318498 0.318498 0.318498 0.318498 0.318498 0.318498 0.318498 0.318498 0.318498 0.318498 0.318498 0.318498 0.318498 0.318498 0.318498 0.318498 0.318498 0.318498 0.318498 0.318498 0.318498 0.318498 0.318498 0.318498 0.318498 0.318498 0.318498 0.316845 0.315526 0.315526 0.315526 0.314703 
0.320346 0.320346 0.319690 0.319690 0.319690 0.318498 0.318498 0.318498 0.318498 0.318498 0.318498 0.318498 0.318498 0.318498 0.318498 0.318498 0.318498 0.318498 0.318498 0.318498 0.318498 0.318498 0.318498 0.318498 0.318498 0.318498 0.318498 0.318498 0.318498 0.318498 0.318498 0.318498 0.318498 0.318498 0.318498 0.318498 0.318498 0.318498 0.318498 0.318498 0.318498 0.318498 0.318498 0.318498 0.318498 0.316845 0.315526 0.315526 0.315526 0.314703 
0.320346 0.320346 0.319690 0.319690 0.319690 0.318498 0.318498 0.318498 0.318498 0.318498 0.318498 0.318498 0.318498 0.318498 0.318498 0.318498 0.318498 0.318498 0.318498 0.318498 0.318498 0.318498 0.318498 0.318498 0.318498 0.318498 0.318498 0.318498 0.318498 0.318498 0.318498 0.318498 0.318498 0.318498 0.318498 0.318498 0.318498 0.318498 0.318498 0.318498 0.318498 0.318498 0.318498 0.318498 0.318498 0.318498 0.316845 0.315526 0.315526 0.315526 
0.320346 0.320346 0.319690 0.319690 0.319690 0.318498 0.318498 0.318498 0.318498 0.318498 0.318498 0.318498 0.318498 0.318498 0.318498 0.318498 0.318498 0.318498 0.318498 0.318498 0.318498 0.318498 0.318498 0.318498 0.318498 0.318498 0.318498 0.318498 0.318498 0.318498 0.318498 0.318498 0.318498 0.318498 0.318498 0.318498 0.318498 0.318498 0.318498 0.318498 0.318498 0.318498 0.318498 0.318498 0.318498 0.318498 0.316845 0.315526 0.315526 0.315526 
0.320346 0.320346 0.319690 0.319690 0.319690 0.319690 0.318498 0.318498 0.318498 0.318498 0.318498 0.318498 0.318498 0.318498 0.318498 0.318498 0.318498 0.318498 0.318498 0.318498 0.318498 0.318498 0.318498 0.318498 0.318498 0.318498 0.318498 0.318498 0.318498 0.318498 0.318498 0.318498 0.318498 0.318498 0.318498 0.318498 0.318498 0.318498 0.318498 0.318498 0.318498 0.318498 0.318498 0.318498 0.318498 0.318498 0.318498 0.318498 0.316845 0.315526 
0.320346 0.320346 0.319690 0.319690 0.319690 0.319690 0.319690 0.318498 0.318498 0.318498 0.318498 0.318498 0.318498 0.318498 0.318498 0.318498 0.318498 0.318498 0.318498 0.318498 0.318498 0.318498 0.318498 0.318498 0.318498 0.318498 0.318498 0.318498 0.318498 0.318498 0.318498 0.318498 0.318498 0.318498 0.318498 0.318498 0.318498 0.318498 0.318498 0.318498 0.318498 0.318498 0.318498 0.318498 0.318498 0.318498 0.318498 0.318498 0.318498 0.318498 
0.320346 0.320346 0.319690 0.319690 0.319690 0.319690 0.319690 0.319690 0.318498 0.318498 0.318498 0.318498 0.318498 0.318498 0.318498 0.318498 0.318498 0.318498 0.318498 0.318498 0.318498 0.318498 0.318498 0.318498 0.318498 0.318498 0.318498 0.318498 0.318498 0.318498 0.318498 0.318498 0.318498 0.318498 0.318498 0.318498 0.318498 0.318498 0.318498 0.318498 0.318498 0.318498 0.318498 0.318498 0.318498 0.318498 0.318498 0.318498 0.318498 0.318498 
0.320346 0.320346 0.319690 0.319690 0.319690 0.319690 0.319690 0.319690 0.318498 0.318498 0.318498 0.318498 0.318498 0.318498 0.318498 0.318498 0.318498 0.318498 0.318498 0.318498 0.318498 0.318498 0.318498 0.318498 0.318498 0.318498 0.318498 0.318498 0.318498 0.318498 0.318498 0.318498 0.318498 0.318498 0.318498 0.318498 0.318498 0.318498 0.318498 0.318498 0.318498 0.318498 0.318498 0.318498 0.318498 0.318498 0.318498 0.318498 0.318498 0.318498 
0.320346 0.320346 0.319690 0.319690 0.319690 0.319690 0.319690 0.319690 0.318498 0.318498 0.318498 0.318498 0.318498 0.318498 0.318498 0.318498 0.318498 0.318498 0.318498 0.318498 0.318498 0.318498 0.318498 0.318498 0.318498 0.318498 0.318498 0.318498 0.318498 0.318498 0.318498 0.318498 0.318498 0.318498 0.318498 0.318498 0.318498 0.318498 0.318498 0.318498 0.318498 0.318498 0.318498 0.318498 0.318498 0.318498 0.318498 0.318498 0.318498 0.318498 
0.320346 0.320346 0.319690 0.319690 0.319690 0.319690 0.319690 0.319690 0.319690 0.318498 0.318498 0.318498 0.318498 0.318498 0.318498 0.318498 0.318498 0.318498 0.318498 0.318498 0.318498 0.318498 0.318498 0.318498 0.318498 0.318498 0.318498 0.318498 0.318498 0.318498 0.318498 0.318498 0.318498 0.318498 0.318498 0.318498 0.318498 0.318498 0.318498 0.318498 0.318498 0.318498 0.318498 0.318498 0.318498 0.318498 0.318498 0.318498 0.318498 0.318498 
0.320346 0.320346 0.319690 0.319690 0.319690 0.319690 0.319690 0.319690 0.319690 0.318498 0.318498 0.318498 0.318498 0.318498 0.318498 0.318498 0.318498 0.318498 0.318498 0.318498 0.318498 0.318498 0.318498 0.318498 0.318498 0.318498 0.318498 0.318498 0.318498 0.318498 0.318498 0.318498 0.318498 0.318498 0.318498 0.318498 0.318498 0.318498 0.318498 0.318498 0.318498 0.318498 0.318498 0.318498 0.318498 0.318498 0.318498 0.318498 0.318498 0.318498 
0.320346 0.320346 0.320346 0.319690 0.319690 0.319690 0.319690 0.319690 0.319690 0.319690 0.318498 0.318498 0.318498 0.318498 0.318498 0.318498 0.318498 0.318498 0.318498 0.318498 0.318498 0.318498 0.318498 0.318498 0.318498 0.318498 0.318498 0.318498 0.318498 0.318498 0.318498 0.318498 0.318498 0.318498 0.318498 0.318498 0.318498 0.318498 0.318498 0.318498 0.318498 0.318498 0.318498 0.318498 0.318498 0.318498 0.318498 0.318498 0.318498 0.318498 
0.320346 0.320346 0.320346 0.319690 0.319690 0.319690 0.319690 0.319690 0.319690 0.319690 0.319690 0.318498 0.318498 0.318498 0.318498 0.318498 0.318498 0.318498 0.318498 0.318498 0.318498 0.318498 0.318498 0.318498 0.318498 0.318498 0.318498 0.318498 0.318498 0.318498 0.318498 0.318498 0.318498 0.318498 0.318498 0.318498 0.318498 0.318498 0.318498 0.318498 0.318498 0.318498 0.318498 0.318498 0.318498 0.318498 0.318498 0.318498 0.318498 0.318498 
0.320346 0.320346 0.320346 0.319690 0.319690 0.319690 0.319690 0.319690 0.319690 0.319690 0.319690 0.319690 0.318498 0.318498 0.318498 0.318498 0.318498 0.318498 0.318498 0.318498 0.318498 0.318498 0.318498 0.318498 0.318498 0.318498 0.318498 0.318498 0.318498 0.318498 0.318498 0.318498 0.318498 0.318498 0.318498 0.318498 0.318498 0.318498 0.318498 0.318498 0.318498 0.318498 0.318498 0.318498 0.318498 0.318498 0.318498 0.318498 0.318498 0.318498 
0.320346 0.320346 0.320346 0.319690 0.319690 0.319690 0.319690 0.319690 0.319690 0.319690 0.319690 0.319690 0.318498 0.318498 0.318498 0.318498 0.318498 0.318498 0.318498 0.318498 0.318498 0.318498 0.318498 0.318498 0.318498 0.318498 0.318498 0.318498 0.318498 0.318498 0.318498 0.318498 0.318498 0.318498 0.318498 0.318498 0.318498 0.318498 0.318498 0.318498 0.318498 0.318498 0.318498 0.318498 0.318498 0.318498 0.318498 0.318498 0.318498 0.318498 
0.320346 0.320346 0.320346 0.319690 0.319690 0.319690 0.319690 0.319690 0.319690 0.319690 0.319690 0.319690 0.318498 0.318498 0.318498 0.318498 0.318498 0.318498 0.318498 0.318498 0.318498 0.318498 0.318498 0.318498 0.318498 0.318498 0.318498 0.318498 0.318498 0.318498 0.318498 0.318498 0.318498 0.318498 0.318498 0.318498 0.318498 0.318498 0.318498 0.318498 0.318498 0.318498 0.318498 0.318498 0.318498 0.318498 0.318498 0.318498 0.318498 0.318498 
0.320346 0.320346 0.320346 0.319690 0.319690 0.319690 0.319690 0.319690 0.319690 0.319690 0.319690 0.319690 0.318498 0.318498 0.318498 0.318498 0.318498 0.318498 0.318498 0.318498 0.318498 0.318498 0.318498 0.318498 0.318498 0.318498 0.318498 0.318498 0.318498 0.318498 0.318498 0.318498 0.318498 0.318498 0.318498 0.318498 0.318498 0.318498 0.318498 0.318498 0.318498 0.318498 0.318498 0.318498 0.318498 0.318498 0.318498 0.318498 0.318498 0.318498 
0.320346 0.320346 0.320346 0.319690 0.319690 0.319690 0.319690 0.319690 0.319690 0.319690 0.319690 0.319690 0.318498 0.318498 0.318498 0.318498 0.318498 0.318498 0.318498 0.318498 0.318498 0.318498 0.318498 0.318498 0.318498 0.318498 0.318498 0.318498 0.318498 0.318498 0.318498 0.318498 0.318498 0.318498 0.318498 0.318498 0.318498 0.318498 0.318498 0.318498 0.318498 0.318498 0.318498 0.318498 0.318498 0.318498 0.318498 0.318498 0.318498 0.318498 
0.320346 0.320346 0.320346 0.319690 0.319690 0.319690 0.319690 0.319690 0.319690 0.319690 0.319690 0.319690 0.318498 0.318498 0.318498 0.318498 0.318498 0.318498 0.318498 0.318498 0.318498 0.318498 0.318498 0.318498 0.318498 0.318498 0.318498 0.318498 0.318498 0.318498 0.318498 0.318498 0.318498 0.318498 0.318498 0.318498 0.318498 0.318498 0.318498 0.318498 0.318498 0.318498 0.318498 0.318498 0.318498 0.318498 0.318498 0.318498 0.318498 0.318498 
0.320346 0.320346 0.320346 0.319690 0.319690 0.319690 0.319690 0.319690 0.319690 0.319690 0.319690 0.319690 0.318498 0.318498 0.318498 0.318498 0.318498 0.318498 0.318498 0.318498 0.318498 0.318498 0.318498 0.318498 0.318498 0.318498 0.318498 0.318498 0.318498 0.318498 0.318498 0.318498 0.318498 0.318498 0.318498 0.318498 0.318498 0.318498 0.318498 0.318498 0.318498 0.318498 0.318498 0.318498 0.318498 0.318498 0.318498 0.318498 0.318498 0.318498 
0.320346 0.320346 0.320346 0.319690 0.319690 0.319690 0.319690 0.319690 0.319690 0.319690 0.319690 0.319690 0.318498 0.318498 0.318498 0.318498 0.318498 0.318498 0.318498 0.318498 0.318498 0.318498 0.318498 0.318498 0.318498 0.318498 0.318498 0.318498 0.318498 0.318498 0.318498 0.318498 0.318498 0.318498 0.318498 0.318498 0.318498 0.318498 0.318498 0.318498 0.318498 0.318498 0.318498 0.318498 0.318498 0.318498 0.318498 0.318498 0.318498 0.318498 
0.320346 0.320346 0.320346 0.319690 0.319690 0.319690 0.319690 0.319690 0.319690 0.319690 0.319690 0.319690 0.318498 0.318498 0.318498 0.318498 0.318498 0.318498 0.318498 0.318498 0.318498 0.318498 0.318498 0.318498 0.318498 0.318498 0.318498 0.318498 0.318498 0.318498 0.318498 0.318498 0.318498 0.318498 0.318498 0.318498 0.318498 0.318498 0.318498 0.318498 0.318498 0.318498 0.318498 0.318498 0.318498 0.318498 0.318498 0.318498 0.318498 0.318498 
0.320346 0.320346 0.320346 0.320346 0.319690 0.319690 0.319690 0.319690 0.319690 0.319690 0.319690 0.319690 0.319690 0.318498 0.318498 0.318498 0.318498 0.318498 0.318498 0.318498 0.318498 0.318498 0.318498 0.318498 0.318498 0.318498 0.318498 0.318498 0.318498 0.318498 0.318498 0.318498 0.318498 0.318498 0.318498 0.318498 0.318498 0.318498 0.318498 0.318498 0.318498 0.318498 0.318498 0.318498 0.318498 0.318498 0.318498 0.318498 0.318498 0.318498 
0.320346 0.320346 0.320346 0.320346 0.319690 0.319690 0.319690 0.319690 0.319690 0.319690 0.319690 0.319690 0.319690 0.318498 0.318498 0.318498 0.318498 0.318498 0.318498 0.318498 0.318498 0.318498 0.318498 0.318498 0.318498 0.318498 0.318498 0.318498 0.318498 0.318498 0.318498 0.318498 0.318498 0.318498 0.318498 0.318498 0.318498 0.318498 0.318498 0.318498 0.318498 0.318498 0.318498 0.318498 0.318498 0.318498 0.318498 0.318498 0.318498 0.318498 
0.320346 0.320346 0.320346 0.320346 0.319690 0.319690 0.319690 0.319690 0.319690 0.319690 0.319690 0.319690 0.319690 0.318498 0.318498 0.318498 0.318498 0.318498 0.318498 0.318498 0.318498 0.318498 0.318498 0.318498 0.318498 0.318498 0.318498 0.318498 0.318498 0.318498 0.318498 0.318498 0.318498 0.318498 0.318498 0.318498 0.318498 0.318498 0.318498 0.318498 0.318498 0.318498 0.318498 0.318498 0.318498 0.318498 0.318498 0.318498 0.318498 0.318498 
0.320346 0.320346 0.320346 0.320346 0.319690 0.319690 0.319690 0.319690 0.319690 0.319690 0.319690 0.319690 0.319690 0.319690 0.318498 0.318498 0.318498 0.318498 0.318498 0.318498 0.318498 0.318498 0.318498 0.318498 0.318498 0.318498 0.318498 0.318498 0.318498 0.318498 0.318498 0.318498 0.318498 0.318498 0.318498 0.318498 0.318498 0.318498 0.318498 0.318498 0.318498 0.318498 0.318498 0.318498 0.318498 0.318498 0.318498 0.318498 0.318498 0.318498 
0.320346 0.320346 0.320346 0.320346 0.319690 0.319690 0.319690 0.319690 0.319690 0.319690 0.319690 0.319690 0.319690 0.319690 0.319690 0.318498 0.318498 0.318498 0.318498 0.318498 0.318498 0.318498 0.318498 0.318498 0.318498 0.318498 0.318498 0.318498 0.318498 0.318498 0.318498 0.318498 0.318498 0.318498 0.318498 0.318498 0.318498 0.318498 0.318498 0.318498 0.318498 0.318498 0.318498 0.318498 0.318498 0.318498 0.318498 0.318498 0.318498 0.318498 
0.320346 0.320346 0.320346 0.320346 0.319690 0.319690 0.319690 0.319690 0.319690 0.319690 0.319690 0.319690 0.319690 0.319690 0.319690 0.318498 0.318498 0.318498 0.318498 0.318498 0.318498 0.318498 0.318498 0.318498 0.318498 0.318498 0.318498 0.318498 0.318498 0.318498 0.318498 0.318498 0.318498 0.318498 0.318498 0.318498 0.318498 0.318498 0.318498 0.318498 0.318498 0.318498 0.318498 0.318498 0.318498 0.318498 0.318498 0.318498 0.318498 0.318498 
0.320346 0.320346 0.320346 0.320346 0.319690 0.319690 0.319690 0.319690 0.319690 0.319690 0.319690 0.319690 0.319690 0.319690 0.319690 0.319690 0.318498 0.318498 0.318498 0.318498 0.318498 0.318498 0.318498 0.318498 0.318498 0.318498 0.318498 0.318498 0.318498 0.318498 0.318498 0.318498 0.318498 0.318498 0.318498 0.318498 0.318498 0.318498 0.318498 0.318498 0.318498 0.318498 0.318498 0.318498 0.318498 0.318498 0.318498 0.318498 0.318498 0.318498 
0.320346 0.320346 0.320346 0.320346 0.319690 0.319690 0.319690 0.319690 0.319690 0.319690 0.319690 0.319690 0.319690 0.319690 0.319690 0.319690 0.319690 0.318498 0.318498 0.318498 0.318498 0.318498 0.318498 0.318498 0.318498 0.318498 0.318498 0.318498 0.318498 0.318498 0.318498 0.318498 0.318498 0.318498 0.318498 0.318498 0.318498 0.318498 0.318498 0.318498 0.318498 0.318498 0.318498 0.318498 0.318498 0.318498 0.318498 0.318498 0.318498 0.318498 
0.320346 0.320346 0.320346 0.320346 0.319690 0.319690 0.319690 0.319690 0.319690 0.319690 0.319690 0.319690 0.319690 0.319690 0.319690 0.319690 0.319690 0.318498 0.318498 0.318498 0.318498 0.318498 0.318498 0.318498 0.318498 0.318498 0.318498 0.318498 0.318498 0.318498 0.318498 0.318498 0.318498 0.318498 0.318498 0.318498 0.318498 0.318498 0.318498 0.318498 0.318498 0.318498 0.318498 0.318498 0.318498 0.318498 0.318498 0.318498 0.318498 0.318498 
0.320346 0.320346 0.320346 0.320346 0.319690 0.319690 0.319690 0.319690 0.319690 0.319690 0.319690 0.319690 0.319690 0.319690 0.319690 0.319690 0.319690 0.319690 0.318498 0.318498 0.318498 0.318498 0.318498 0.318498 0.318498 0.318498 0.318498 0.318498 0.318498 0.318498 0.318498 0.318498 0.318498 0.318498 0.318498 0.318498 0.318498 0.318498 0.318498 0.318498 0.318498 0.318498 0.318498 0.318498 0.318498 0.318498 0.318498 0.318498 0.318498 0.318498 
0.320346 0.320346 0.320346 0.320346 0.319690 0.319690 0.319690 0.319690 0.319690 0.319690 0.319690 0.319690 0.319690 0.319690 0.319690 0.319690 0.319690 0.319690 0.318498 0.318498 0.318498 0.318498 0.318498 0.318498 0.318498 0.318498 0.318498 0.318498 0.318498 0.318498 0.318498 0.318498 0.318498 0.318498 0.318498 0.318498 0.318498 0.318498 0.318498 0.318498 0.318498 0.318498 0.318498 0.318498 0.318498 0.318498 0.318498 0.318498 0.318498 0.318498 
0.320346 0.320346 0.320346 0.320346 0.319690 0.319690 0.319690 0.319690 0.319690 0.319690 0.319690 0.319690 0.319690 0.319690 0.319690 0.319690 0.319690 0.319690 0.318498 0.318498 0.318498 0.318498 0.318498 0.318498 0.318498 0.318498 0.318498 0.318498 0.318498 0.318498 0.318498 0.318498 0.318498 0.318498 0.318498 0.318498 0.318498 0.318498 0.318498 0.318498 0.318498 0.318498 0.318498 0.318498 0.318498 0.318498 0.318498 0.318498 0.318498 0.318498 
0.320346 0.320346 0.320346 0.320346 0.319690 0.319690 0.319690 0.319690 0.319690 0.319690 0.319690 0.319690 0.319690 0.319690 0.319690 0.319690 0.319690 0.319690 0.318498 0.318498 0.318498 0.318498 0.318498 0.318498 0.318498 0.318498 0.318498 0.318498 0.318498 0.318498 0.318498 0.318498 0.318498 0.318498 0.318498 0.318498 0.318498 0.318498 0.318498 0.318498 0.318498 0.318498 0.318498 0.318498 0.318498 0.318498 0.318498 0.318498 0.318498 0.318498 
0.320346 0.320346 0.320346 0.320346 0.319690 0.319690 0.319690 0.319690 0.319690 0.319690 0.319690 0.319690 0.319690 0.319690 0.319690 0.319690 0.319690 0.319690 0.318498 0.318498 0.318498 0.318498 0.318498 0.318498 0.318498 0.318498 0.318498 0.318498 0.318498 0.318498 0.318498 0.318498 0.318498 0.318498 0.318498 0.318498 0.318498 0.318498 0.318498 0.318498 0.318498 0.318498 0.318498 0.318498 0.318498 0.318498 0.318498 0.318498 0.318498 0.318498 
0.320346 0.320346 0.320346 0.320346 0.319690 0.319690 0.319690 0.319690 0.319690 0.319690 0.319690 0.319690 0.319690 0.319690 0.319690 0.319690 0.319690 0.319690 0.318498 0.318498 0.318498 0.318498 0.318498 0.318498 0.318498 0.318498 0.318498 0.318498 0.318498 0.318498 0.318498 0.318498 0.318498 0.318498 0.318498 0.318498 0.318498 0.318498 0.318498 0.318498 0.318498 0.318498 0.318498 0.318498 0.318498 0.318498 0.318498 0.318498 0.318498 0.318498 
0.320346 0.320346 0.320346 0.320346 0.319690 0.319690 0.319690 0.319690 0.319690 0.319690 0.319690 0.319690 0.319690 0.319690 0.319690 0.319690 0.319690 0.319690 0.318498 0.318498 0.318498 0.318498 0.318498 0.318498 0.318498 0.318498 0.318498 0.318498 0.318498 0.318498 0.318498 0.318498 0.318498 0.318498 0.318498 0.318498 0.318498 0.318498 0.318498 0.318498 0.318498 0.318498 0.318498 0.318498 0.318498 0.318498 0.318498 0.318498 0.318498 0.318498 
0.320360 0.320346 0.320346 0.320346 0.320346 0.319690 0.319690 0.319690 0.319690 0.319690 0.319690 0.319690 0.319690 0.319690 0.319690 0.319690 0.319690 0.319690 0.319690 0.318498 0.318498 0.318498 0.318498 0.318498 0.318498 0.318498 0.318498 0.318498 0.318498 0.318498 0.318498 0.318498 0.318498 0.318498 0.318498 0.318498 0.318498 0.318498 0.318498 0.318498 0.318498 0.318498 0.318498 0.318498 0.318498 0.318498 0.318498 0.318498 0.318498 0.318498 
0.320360 0.320346 0.320346 0.320346 0.320346 0.319690 0.319690 0.319690 0.319690 0.319690 0.319690 0.319690 0.319690 0.319690 0.319690 0.319690 0.319690 0.319690 0.319690 0.318498 0.318498 0.318498 0.318498 0.318498 0.318498 0.318498 0.318498 0.318498 0.318498 0.318498 0.318498 0.318498 0.318498 0.318498 0.318498 0.318498 0.318498 0.318498 0.318498 0.318498 0.318498 0.318498 0.318498 0.318498 0.318498 0.318498 0.318498 0.318498 0.318498 0.318498 
0.320360 0.320346 0.320346 0.320346 0.320346 0.319690 0.319690 0.319690 0.319690 0.319690 0.319690 0.319690 0.319690 0.319690 0.319690 0.319690 0.319690 0.319690 0.319690 0.319690 0.318498 0.318498 0.318498 0.318498 0.318498 0.318498 0.318498 0.318498 0.318498 0.318498 0.318498 0.318498 0.318498 0.318498 0.318498 0.318498 0.318498 0.318498 0.318498 0.318498 0.318498 0.318498 0.318498 0.318498 0.318498 0.318498 0.318498 0.318498 0.318498 0.318498 
0.320360 0.320346 0.320346 0.320346 0.320346 0.319690 0.319690 0.319690 0.319690 0.319690 0.319690 0.319690 0.319690 0.319690 0.319690 0.319690 0.319690 0.319690 0.319690 0.319690 0.319690 0.319690 0.318498 0.318498 0.318498 0.318498 0.318498 0.318498 0.318498 0.318498 0.318498 0.318498 0.318498 0.318498 0.318498 0.318498 0.318498 0.318498 0.318498 0.318498 0.318498 0.318498 0.318498 0.318498 0.318498 0.318498 0.318498 0.318498 0.318498 0.318498 
0.320360 0.320346 0.320346 0.320346 0.320346 0.319690 0.319690 0.319690 0.319690 0.319690 0.319690 0.319690 0.319690 0.319690 0.319690 0.319690 0.319690 0.319690 0.319690 0.319690 0.319690 0.319690 0.318498 0.318498 0.318498 0.318498 0.318498 0.318498 0.318498 0.318498 0.318498 0.318498 0.318498 0.318498 0.318498 0.318498 0.318498 0.318498 0.318498 0.318498 0.318498 0.318498 0.318498 0.318498 0.318498 0.318498 0.318498 0.318498 0.318498 0.318498 
0.320360 0.320346 0.320346 0.320346 0.320346 0.320346 0.319690 0.319690 0.319690 0.319690 0.319690 0.319690 0.319690 0.319690 0.319690 0.319690 0.319690 0.319690 0.319690 0.319690 0.319690 0.319690 0.319690 0.319690 0.318498 0.318498 0.318498 0.318498 0.318498 0.318498 0.318498 0.318498 0.318498 0.318498 0.318498 0.318498 0.318498 0.318498 0.318498 0.318498 0.318498 0.318498 0.318498 0.318498 0.318498 0.318498 0.318498 0.318498 0.318498 0.318498 
0.320360 0.320346 0.320346 0.320346 0.320346 0.320346 0.319690 0.319690 0.319690 0.319690 0.319690 0.319690 0.319690 0.319690 0.319690 0.319690 0.319690 0.319690 0.319690 0.319690 0.319690 0.319690 0.319690 0.319690 0.318498 0.318498 0.318498 0.318498 0.318498 0.318498 0.318498 0.318498 0.318498 0.318498 0.318498 0.318498 0.318498 0.318498 0.318498 0.318498 0.318498 0.318498 0.318498 0.318498 0.318498 0.318498 0.318498 0.318498 0.318498 0.318498 
0.320360 0.320346 0.320346 0.320346 0.320346 0.320346 0.319690 0.319690 0.319690 0.319690 0.319690 0.319690 0.319690 0.319690 0.319690 0.319690 0.319690 0.319690 0.319690 0.319690 0.319690 0.319690 0.319690 0.319690 0.318498 0.318498 0.318498 0.318498 0.318498 0.318498 0.318498 0.318498 0.318498 0.318498 0.318498 0.318498 0.318498 0.318498 0.318498 0.318498 0.318498 0.318498 0.318498 0.318498 0.318498 0.318498 0.318498 0.318498 0.318498 0.318498 
0.320360 0.320346 0.320346 0.320346 0.320346 0.320346 0.319690 0.319690 0.319690 0.319690 0.319690 0.319690 0.319690 0.319690 0.319690 0.319690 0.319690 0.319690 0.319690 0.319690 0.319690 0.319690 0.319690 0.319690 0.319690 0.319690 0.318498 0.318498 0.318498 0.318498 0.318498 0.318498 0.318498 0.318498 0.318498 0.318498 0.318498 0.318498 0.318498 0.318498 0.318498 0.318498 0.318498 0.318498 0.318498 0.318498 0.318498 0.318498 0.318498 0.318498 
0.320360 0.320346 0.320346 0.320346 0.320346 0.320346 0.319690 0.319690 0.319690 0.319690 0.319690 0.319690 0.319690 0.319690 0.319690 0.319690 0.319690 0.319690 0.319690 0.319690 0.319690 0.319690 0.319690 0.319690 0.319690 0.319690 0.319690 0.318498 0.318498 0.318498 0.318498 0.318498 0.318498 0.318498 0.318498 0.318498 0.318498 0.318498 0.318498 0.318498 0.318498 0.318498 0.318498 0.318498 0.318498 0.318498 0.318498 0.318498 0.318498 0.318498 
0.320360 0.320346 0.320346 0.320346 0.320346 0.320346 0.319690 0.319690 0.319690 0.319690 0.319690 0.319690 0.319690 0.319690 0.319690 0.319690 0.319690 0.319690 0.319690 0.319690 0.319690 0.319690 0.319690 0.319690 0.319690 0.319690 0.319690 0.318498 0.318498 0.318498 0.318498 0.318498 0.318498 0.318498 0.318498 0.318498 0.318498 0.318498 0.318498 0.318498 0.318498 0.318498 0.318498 0.318498 0.318498 0.318498 0.318498 0.318498 0.318498 0.318498 
0.320360 0.320346 0.320346 0.320346 0.320346 0.320346 0.319690 0.319690 0.319690 0.319690 0.319690 0.319690 0.319690 0.319690 0.319690 0.319690 0.319690 0.319690 0.319690 0.319690 0.319690 0.319690 0.319690 0.319690 0.319690 0.319690 0.319690 0.318498 0.318498 0.318498 0.318498 0.318498 0.318498 0.318498 0.318498 0.318498 0.318498 0.318498 0.318498 0.318498 0.318498 0.318498 0.318498 0.318498 0.318498 0.318498 0.318498 0.318498 0.318498 0.318498 
0.320360 0.320346 0.320346 0.320346 0.320346 0.320346 0.319690 0.319690 0.319690 0.319690 0.319690 0.319690 0.319690 0.319690 0.319690 0.319690 0.319690 0.319690 0.319690 0.319690 0.319690 0.319690 0.319690 0.319690 0.319690 0.319690 0.319690 0.318498 0.318498 0.318498 0.318498 0.318498 0.318498 0.318498 0.318498 0.318498 0.318498 0.318498 0.318498 0.318498 0.318498 0.318498 0.318498 0.318498 0.318498 0.318498 0.318498 0.318498 0.318498 0.318498 
0.320360 0.320346 0.320346 0.320346 0.320346 0.320346 0.319690 0.319690 0.319690 0.319690 0.319690 0.319690 0.319690 0.319690 0.319690 0.319690 0.319690 0.319690 0.319690 0.319690 0.319690 0.319690 0.319690 0.319690 0.319690 0.319690 0.319690 0.318498 0.318498 0.318498 0.318498 0.318498 0.318498 0.318498 0.318498 0.318498 0.318498 0.318498 0.318498 0.318498 0.318498 0.318498 0.318498 0.318498 0.318498 0.318498 0.318498 0.318498 0.318498 0.318498 
0.320360 0.320346 0.320346 0.320346 0.320346 0.320346 0.319690 0.319690 0.319690 0.319690 0.319690 0.319690 0.319690 0.319690 0.319690 0.319690 0.319690 0.319690 0.319690 0.319690 0.319690 0.319690 0.319690 0.319690 0.319690 0.319690 0.319690 0.318498 0.318498 0.318498 0.318498 0.318498 0.318498 0.318498 0.318498 0.318498 0.318498 0.318498 0.318498 0.318498 0.318498 0.318498 0.318498 0.318498 0.318498 0.318498 0.318498 0.318498 0.318498 0.318498 
0.320360 0.320346 0.320346 0.320346 0.320346 0.320346 0.319690 0.319690 0.319690 0.319690 0.319690 0.319690 0.319690 0.319690 0.319690 0.319690 0.319690 0.319690 0.319690 0.319690 0.319690 0.319690 0.319690 0.319690 0.319690 0.319690 0.319690 0.319690 0.319690 0.319690 0.318498 0.318498 0.318498 0.318498 0.318498 0.318498 0.318498 0.318498 0.318498 0.318498 0.318498 0.318498 0.318498 0.318498 0.318498 0.318498 0.318498 0.318498 0.318498 0.318498 
0.320360 0.320346 0.320346 0.320346 0.320346 0.320346 0.319690 0.319690 0.319690 0.319690 0.319690 0.319690 0.319690 0.319690 0.319690 0.319690 0.319690 0.319690 0.319690 0.319690 0.319690 0.319690 0.319690 0.319690 0.319690 0.319690 0.319690 0.319690 0.319690 0.319690 0.318498 0.318498 0.318498 0.318498 0.318498 0.318498 0.318498 0.318498 0.318498 0.318498 0.318498 0.318498 0.318498 0.318498 0.318498 0.318498 0.318498 0.318498 0.318498 0.318498 
0.320360 0.320346 0.320346 0.320346 0.320346 0.320346 0.319690 0.319690 0.319690 0.319690 0.319690 0.319690 0.319690 0.319690 0.319690 0.319690 0.319690 0.319690 0.319690 0.319690 0.319690 0.319690 0.319690 0.319690 0.319690 0.319690 0.319690 0.319690 0.319690 0.319690 0.319690 0.318498 0.318498 0.318498 0.318498 0.318498 0.318498 0.318498 0.318498 0.318498 0.318498 0.318498 0.318498 0.318498 0.318498 0.318498 0.318498 0.318498 0.318498 0.318498 
0.320360 0.320346 0.320346 0.320346 0.320346 0.320346 0.319690 0.319690 0.319690 0.319690 0.319690 0.319690 0.319690 0.319690 0.319690 0.319690 0.319690 0.319690 0.319690 0.319690 0.319690 0.319690 0.319690 0.319690 0.319690 0.319690 0.319690 0.319690 0.319690 0.319690 0.319690 0.318498 0.318498 0.318498 0.318498 0.318498 0.318498 0.318498 0.318498 0.318498 0.318498 0.318498 0.318498 0.318498 0.318498 0.318498 0.318498 0.318498 0.318498 0.318498 
0.320360 0.320346 0.320346 0.320346 0.320346 0.320346 0.319690 0.319690 0.319690 0.319690 0.319690 0.319690 0.319690 0.319690 0.319690 0.319690 0.319690 0.319690 0.319690 0.319690 0.319690 0.319690 0.319690 0.319690 0.319690 0.319690 0.319690 0.319690 0.319690 0.319690 0.319690 0.319690 0.318498 0.318498 0.318498 0.318498 0.318498 0.318498 0.318498 0.318498 0.318498 0.318498 0.318498 0.318498 0.318498 0.318498 0.318498 0.318498 0.318498 0.318498 
0.320360 0.320346 0.320346 0.320346 0.320346 0.320346 0.319690 0.319690 0.319690 0.319690 0.319690 0.319690 0.319690 0.319690 0.319690 0.319690 0.319690 0.319690 0.319690 0.319690 0.319690 0.319690 0.319690 0.319690 0.319690 0.319690 0.319690 0.319690 0.319690 0.319690 0.319690 0.319690 0.318498 0.318498 0.318498 0.318498 0.318498 0.318498 0.318498 0.318498 0.318498 0.318498 0.318498 0.318498 0.318498 0.318498 0.318498 0.318498 0.318498 0.318498 
0.320360 0.320346 0.320346 0.320346 0.320346 0.320346 0.319690 0.319690 0.319690 0.319690 0.319690 0.319690 0.319690 0.319690 0.319690 0.319690 0.319690 0.319690 0.319690 0.319690 0.319690 0.319690 0.319690 0.319690 0.319690 0.319690 0.319690 0.319690 0.319690 0.319690 0.319690 0.319690 0.318498 0.318498 0.318498 0.318498 0.318498 0.318498 0.318498 0.318498 0.318498 0.318498 0.318498 0.318498 0.318498 0.318498 0.318498 0.318498 0.318498 0.318498 
0.320360 0.320346 0.320346 0.320346 0.320346 0.320346 0.319690 0.319690 0.319690 0.319690 0.319690 0.319690 0.319690 0.319690 0.319690 0.319690 0.319690 0.319690 0.319690 0.319690 0.319690 0.319690 0.319690 0.319690 0.319690 0.319690 0.319690 0.319690 0.319690 0.319690 0.319690 0.319690 0.319690 0.319690 0.318498 0.318498 0.318498 0.318498 0.318498 0.318498 0.318498 0.318498 0.318498 0.318498 0.318498 0.318498 0.318498 0.318498 0.318498 0.318498 
0.320360 0.320346 0.320346 0.320346 0.320346 0.320346 0.319690 0.319690 0.319690 0.319690 0.319690 0.319690 0.319690 0.319690 0.319690 0.319690 0.319690 0.319690 0.319690 0.319690 0.319690 0.319690 0.319690 0.319690 0.319690 0.319690 0.319690 0.319690 0.319690 0.319690 0.319690 0.319690 0.319690 0.319690 0.318498 0.318498 0.318498 0.318498 0.318498 0.318498 0.318498 0.318498 0.318498 0.318498 0.318498 0.318498 0.318498 0.318498 0.318498 0.318498 
0.320360 0.320346 0.320346 0.320346 0.320346 0.320346 0.319690 0.319690 0.319690 0.319690 0.319690 0.319690 0.319690 0.319690 0.319690 0.319690 0.319690 0.319690 0.319690 0.319690 0.319690 0.319690 0.319690 0.319690 0.319690 0.319690 0.319690 0.319690 0.319690 0.319690 0.319690 0.319690 0.319690 0.319690 0.318498 0.318498 0.318498 0.318498 0.318498 0.318498 0.318498 0.318498 0.318498 0.318498 0.318498 0.318498 0.318498 0.318498 0.318498 0.318498 
0.323936 0.320360 0.320346 0.320346 0.320346 0.320346 0.320346 0.319690 0.319690 0.319690 0.319690 0.319690 0.319690 0.319690 0.319690 0.319690 0.319690 0.319690 0.319690 0.319690 0.319690 0.319690 0.319690 0.319690 0.319690 0.319690 0.319690 0.319690 0.319690 0.319690 0.319690 0.319690 0.319690 0.319690 0.319690 0.318498 0.318498 0.318498 0.318498 0.318498 0.318498 0.318498 0.318498 0.318498 0.318498 0.318498 0.318498 0.318498 0.318498 0.318498 
0.323936 0.320360 0.320346 0.320346 0.320346 0.320346 0.320346 0.319690 0.319690 0.319690 0.319690 0.319690 0.319690 0.319690 0.319690 0.319690 0.319690 0.319690 0.319690 0.319690 0.319690 0.319690 0.319690 0.319690 0.319690 0.319690 0.319690 0.319690 0.319690 0.319690 0.319690 0.319690 0.319690 0.319690 0.319690 0.319690 0.318601 0.318498 0.318498 0.318498 0.318498 0.318498 0.318498 0.318498 0.318498 0.318498 0.318498 0.318498 0.318498 0.318498 
0.323936 0.320360 0.320346 0.320346 0.320346 0.320346 0.320346 0.319690 0.319690 0.319690 0.319690 0.319690 0.319690 0.319690 0.319690 0.319690 0.319690 0.319690 0.319690 0.319690 0.319690 0.319690 0.319690 0.319690 0.319690 0.319690 0.319690 0.319690 0.319690 0.319690 0.319690 0.319690 0.319690 0.319690 0.319690 0.319690 0.319690 0.318601 0.318498 0.318498 0.318498 0.318498 0.318498 0.318498 0.318498 0.318498 0.318498 0.318498 0.318498 0.318498 
0.323936 0.320360 0.320346 0.320346 0.320346 0.320346 0.320346 0.319690 0.319690 0.319690 0.319690 0.319690 0.319690 0.319690 0.319690 0.319690 0.319690 0.319690 0.319690 0.319690 0.319690 0.319690 0.319690 0.319690 0.319690 0.319690 0.319690 0.319690 0.319690 0.319690 0.319690 0.319690 0.319690 0.319690 0.319690 0.319690 0.319690 0.318601 0.318498 0.318498 0.318498 0.318498 0.318498 0.318498 0.318498 0.318498 0.318498 0.318498 0.318498 0.318498 
0.323936 0.320360 0.320346 0.320346 0.320346 0.320346 0.320346 0.319690 0.319690 0.319690 0.319690 0.319690 0.319690 0.319690 0.319690 0.319690 0.319690 0.319690 0.319690 0.319690 0.319690 0.319690 0.319690 0.319690 0.319690 0.319690 0.319690 0.319690 0.319690 0.319690 0.319690 0.319690 0.319690 0.319690 0.319690 0.319690 0.319690 0.318601 0.318498 0.318498 0.318498 0.318498 0.318498 0.318498 0.318498 0.318498 0.318498 0.318498 0.318498 0.318498 
0.323936 0.320360 0.320346 0.320346 0.320346 0.320346 0.320346 0.319690 0.319690 0.319690 0.319690 0.319690 0.319690 0.319690 0.319690 0.319690 0.319690 0.319690 0.319690 0.319690 0.319690 0.319690 0.319690 0.319690 0.319690 0.319690 0.319690 0.319690 0.319690 0.319690 0.319690 0.319690 0.319690 0.319690 0.319690 0.319690 0.319690 0.318601 0.318498 0.318498 0.318498 0.318498 0.318498 0.318498 0.318498 0.318498 0.318498 0.318498 0.318498 0.318498 
0.323936 0.320360 0.320346 0.320346 0.320346 0.320346 0.320346 0.319690 0.319690 0.319690 0.319690 0.319690 0.319690 0.319690 0.319690 0.319690 0.319690 0.319690 0.319690 0.319690 0.319690 0.319690 0.319690 0.319690 0.319690 0.319690 0.319690 0.319690 0.319690 0.319690 0.319690 0.319690 0.319690 0.319690 0.319690 0.319690 0.319690 0.318601 0.318498 0.318498 0.318498 0.318498 0.318498 0.318498 0.318498 0.318498 0.318498 0.318498 0.318498 0.318498 
0.323936 0.320360 0.320346 0.320346 0.320346 0.320346 0.320346 0.319690 0.319690 0.319690 0.319690 0.319690 0.319690 0.319690 0.319690 0.319690 0.319690 0.319690 0.319690 0.319690 0.319690 0.319690 0.319690 0.319690 0.319690 0.319690 0.319690 0.319690 0.319690 0.319690 0.319690 0.319690 0.319690 0.319690 0.319690 0.319690 0.319690 0.318601 0.318498 0.318498 0.318498 0.318498 0.318498 0.318498 0.318498 0.318498 0.318498 0.318498 0.318498 0.318498 
0.323936 0.320360 0.320346 0.320346 0.320346 0.320346 0.320346 0.319690 0.319690 0.319690 0.319690 0.319690 0.319690 0.319690 0.319690 0.319690 0.319690 0.319690 0.319690 0.319690 0.319690 0.319690 0.319690 0.319690 0.319690 0.319690 0.319690 0.319690 0.319690 0.319690 0.319690 0.319690 0.319690 0.319690 0.319690 0.319690 0.319690 0.319690 0.318601 0.318498 0.318498 0.318498 0.318498 0.318498 0.318498 0.318498 0.318498 0.318498 0.318498 0.318498 
0.323936 0.320360 0.320346 0.320346 0.320346 0.320346 0.320346 0.319690 0.319690 0.319690 0.319690 0.319690 0.319690 0.319690 0.319690 0.319690 0.319690 0.319690 0.319690 0.319690 0.319690 0.319690 0.319690 0.319690 0.319690 0.319690 0.319690 0.319690 0.319690 0.319690 0.319690 0.319690 0.319690 0.319690 0.319690 0.319690 0.319690 0.319690 0.318601 0.318498 0.318498 0.318498 0.318498 0.318498 0.318498 0.318498 0.318498 0.318498 0.318498 0.318498 
0.329562 0.323936 0.320360 0.320346 0.320346 0.320346 0.320346 0.320346 0.319690 0.319690 0.319690 0.319690 0.319690 0.319690 0.319690 0.319690 0.319690 0.319690 0.319690 0.319690 0.319690 0.319690 0.319690 0.319690 0.319690 0.319690 0.319690 0.319690 0.319690 0.319690 0.319690 0.319690 0.319690 0.319690 0.319690 0.319690 0.319690 0.319690 0.319690 0.318601 0.318498 0.318498 0.318498 0.318498 0.318498 0.318498 0.318498 0.318498 0.318498 0.318498 
0.329562 0.323936 0.320360 0.320346 0.320346 0.320346 0.320346 0.320346 0.319690 0.319690 0.319690 0.319690 0.319690 0.319690 0.319690 0.319690 0.319690 0.319690 0.319690 0.319690 0.319690 0.319690 0.319690 0.319690 0.319690 0.319690 0.319690 0.319690 0.319690 0.319690 0.319690 0.319690 0.319690 0.319690 0.319690 0.319690 0.319690 0.319690 0.319690 0.319690 0.318601 0.318498 0.318498 0.318498 0.318498 0.318498 0.318498 0.318498 0.318498 0.318498 
0.329562 0.323936 0.320360 0.320346 0.320346 0.320346 0.320346 0.320346 0.319690 0.319690 0.319690 0.319690 0.319690 0.319690 0.319690 0.319690 0.319690 0.319690 0.319690 0.319690 0.319690 0.319690 0.319690 0.319690 0.319690 0.319690 0.319690 0.319690 0.319690 0.319690 0.319690 0.319690 0.319690 0.319690 0.319690 0.319690 0.319690 0.319690 0.319690 0.319690 0.318601 0.318498 0.318498 0.318498 0.318498 0.318498 0.318498 0.318498 0.318498 0.318498 
0.329562 0.323936 0.320360 0.320346 0.320346 0.320346 0.320346 0.320346 0.319690 0.319690 0.319690 0.319690 0.319690 0.319690 0.319690 0.319690 0.319690 0.319690 0.319690 0.319690 0.319690 0.319690 0.319690 0.319690 0.319690 0.319690 0.319690 0.319690 0.319690 0.319690 0.319690 0.319690 0.319690 0.319690 0.319690 0.319690 0.319690 0.319690 0.319690 0.319690 0.318601 0.318498 0.318498 0.318498 0.318498 0.318498 0.318498 0.318498 0.318498 0.318498 
0.329562 0.323936 0.322228 0.320360 0.320346 0.320346 0.320346 0.320346 0.320346 0.319690 0.319690 0.319690 0.319690 0.319690 0.319690 0.319690 0.319690 0.319690 0.319690 0.319690 0.319690 0.319690 0.319690 0.319690 0.319690 0.319690 0.319690 0.319690 0.319690 0.319690 0.319690 0.319690 0.319690 0.319690 0.319690 0.319690 0.319690 0.319690 0.319690 0.319690 0.319690 0.318601 0.318498 0.318498 0.318498 0.318498 0.318498 0.318498 0.318498 0.318498 
0.329562 0.323936 0.322228 0.320360 0.320346 0.320346 0.320346 0.320346 0.320346 0.319690 0.319690 0.319690 0.319690 0.319690 0.319690 0.319690 0.319690 0.319690 0.319690 0.319690 0.319690 0.319690 0.319690 0.319690 0.319690 0.319690 0.319690 0.319690 0.319690 0.319690 0.319690 0.319690 0.319690 0.319690 0.319690 0.319690 0.319690 0.319690 0.319690 0.319690 0.319690 0.319690 0.318601 0.318498 0.318498 0.318498 0.318498 0.318498 0.318498 0.318498 
0.329562 0.323936 0.322228 0.320360 0.320346 0.320346 0.320346 0.320346 0.320346 0.319690 0.319690 0.319690 0.319690 0.319690 0.319690 0.319690 0.319690 0.319690 0.319690 0.319690 0.319690 0.319690 0.319690 0.319690 0.319690 0.319690 0.319690 0.319690 0.319690 0.319690 0.319690 0.319690 0.319690 0.319690 0.319690 0.319690 0.319690 0.319690 0.319690 0.319690 0.319690 0.319690 0.319690 0.318601 0.318498 0.318498 0.318498 0.318498 0.318498 0.318498 
0.329562 0.323936 0.322228 0.320360 0.320346 0.320346 0.320346 0.320346 0.320346 0.319690 0.319690 0.319690 0.319690 0.319690 0.319690 0.319690 0.319690 0.319690 0.319690 0.319690 0.319690 0.319690 0.319690 0.319690 0.319690 0.319690 0.319690 0.319690 0.319690 0.319690 0.319690 0.319690 0.319690 0.319690 0.319690 0.319690 0.319690 0.319690 0.319690 0.319690 0.319690 0.319690 0.319690 0.319338 0.318601 0.318498 0.318498 0.318498 0.318498 0.318498 
0.329562 0.323936 0.322228 0.320360 0.320346 0.320346 0.320346 0.320346 0.320346 0.319690 0.319690 0.319690 0.319690 0.319690 0.319690 0.319690 0.319690 0.319690 0.319690 0.319690 0.319690 0.319690 0.319690 0.319690 0.319690 0.319690 0.319690 0.319690 0.319690 0.319690 0.319690 0.319690 0.319690 0.319690 0.319690 0.319690 0.319690 0.319690 0.319690 0.319690 0.319690 0.319690 0.319690 0.319690 0.319338 0.318601 0.318498 0.318498 0.318498 0.318498 
0.329562 0.323936 0.322228 0.320360 0.320346 0.320346 0.320346 0.320346 0.320346 0.319690 0.319690 0.319690 0.319690 0.319690 0.319690 0.319690 0.319690 0.319690 0.319690 0.319690 0.319690 0.319690 0.319690 0.319690 0.319690 0.319690 0.319690 0.319690 0.319690 0.319690 0.319690 0.319690 0.319690 0.319690 0.319690 0.319690 0.319690 0.319690 0.319690 0.319690 0.319690 0.319690 0.319690 0.319690 0.319690 0.319338 0.318601 0.318498 0.318498 0.318498 
0.329562 0.323936 0.322228 0.320360 0.320346 0.320346 0.320346 0.320346 0.320346 0.319690 0.319690 0.319690 0.319690 0.319690 0.319690 0.319690 0.319690 0.319690 0.319690 0.319690 0.319690 0.319690 0.319690 0.319690 0.319690 0.319690 0.319690 0.319690 0.319690 0.319690 0.319690 0.319690 0.319690 0.319690 0.319690 0.319690 0.319690 0.319690 0.319690 0.319690 0.319690 0.319690 0.319690 0.319690 0.319690 0.319690 0.319338 0.318601 0.318498 0.318498 
0.329562 0.323936 0.322228 0.320360 0.320346 0.320346 0.320346 0.320346 0.320346 0.320346 0.319690 0.319690 0.319690 0.319690 0.319690 0.319690 0.319690 0.319690 0.319690 0.319690 0.319690 0.319690 0.319690 0.319690 0.319690 0.319690 0.319690 0.319690 0.319690 0.319690 0.319690 0.319690 0.319690 0.319690 0.319690 0.319690 0.319690 0.319690 0.319690 0.319690 0.319690 0.319690 0.319690 0.319690 0.319690 0.319690 0.319690 0.319338 0.318601 0.318498 
0.329562 0.323936 0.322228 0.320360 0.320346 0.320346 0.320346 0.320346 0.320346 0.320346 0.320346 0.319690 0.319690 0.319690 0.319690 0.319690 0.319690 0.319690 0.319690 0.319690 0.319690 0.319690 0.319690 0.319690 0.319690 0.319690 0.319690 0.319690 0.319690 0.319690 0.319690 0.319690 0.319690 0.319690 0.319690 0.319690 0.319690 0.319690 0.319690 0.319690 0.319690 0.319690 0.319690 0.319690 0.319690 0.319690 0.319690 0.319690 0.319690 0.319338 
0.329562 0.323936 0.322228 0.320360 0.320346 0.320346 0.320346 0.320346 0.320346 0.320346 0.320346 0.320346 0.319690 0.319690 0.319690 0.319690 0.319690 0.319690 0.319690 0.319690 0.319690 0.319690 0.319690 0.319690 0.319690 0.319690 0.319690 0.319690 0.319690 0.319690 0.319690 0.319690 0.319690 0.319690 0.319690 0.319690 0.319690 0.319690 0.319690 0.319690 0.319690 0.319690 0.319690 0.319690 0.319690 0.319690 0.319690 0.319690 0.319690 0.319690 
0.329562 0.323936 0.322228 0.320360 0.320346 0.320346 0.320346 0.320346 0.320346 0.320346 0.320346 0.320346 0.319690 0.319690 0.319690 0.319690 0.319690 0.319690 0.319690 0.319690 0.319690 0.319690 0.319690 0.319690 0.319690 0.319690 0.319690 0.319690 0.319690 0.319690 0.319690 0.319690 0.319690 0.319690 0.319690 0.319690 0.319690 0.319690 0.319690 0.319690 0.319690 0.319690 0.319690 0.319690 0.319690 0.319690 0.319690 0.319690 0.319690 0.319690 
0.329562 0.323936 0.322228 0.320360 0.320346 0.320346 0.320346 0.320346 0.320346 0.320346 0.320346 0.320346 0.319690 0.319690 0.319690 0.319690 0.319690 0.319690 0.319690 0.319690 0.319690 0.319690 0.319690 0.319690 0.319690 0.319690 0.319690 0.319690 0.319690 0.319690 0.319690 0.319690 0.319690 0.319690 0.319690 0.319690 0.319690 0.319690 0.319690 0.319690 0.319690 0.319690 0.319690 0.319690 0.319690 0.319690 0.319690 0.319690 0.319690 0.319690 
0.329562 0.323936 0.322228 0.320360 0.320346 0.320346 0.320346 0.320346 0.320346 0.320346 0.320346 0.320346 0.319690 0.319690 0.319690 0.319690 0.319690 0.319690 0.319690 0.319690 0.319690 0.319690 0.319690 0.319690 0.319690 0.319690 0.319690 0.319690 0.319690 0.319690 0.319690 0.319690 0.319690 0.319690 0.319690 0.319690 0.319690 0.319690 0.319690 0.319690 0.319690 0.319690 0.319690 0.319690 0.319690 0.319690 0.319690 0.319690 0.319690 0.319690 
0.329562 0.323936 0.322228 0.320360 0.320346 0.320346 0.320346 0.320346 0.320346 0.320346 0.320346 0.320346 0.320346 0.319690 0.319690 0.319690 0.319690 0.319690 0.319690 0.319690 0.319690 0.319690 0.319690 0.319690 0.319690 0.319690 0.319690 0.319690 0.319690 0.319690 0.319690 0.319690 0.319690 0.319690 0.319690 0.319690 0.319690 0.319690 0.319690 0.319690 0.319690 0.319690 0.319690 0.319690 0.319690 0.319690 0.319690 0.319690 0.319690 0.319690 
0.329562 0.323936 0.322228 0.320360 0.320346 0.320346 0.320346 0.320346 0.320346 0.320346 0.320346 0.320346 0.320346 0.319690 0.319690 0.319690 0.319690 0.319690 0.319690 0.319690 0.319690 0.319690 0.319690 0.319690 0.319690 0.319690 0.319690 0.319690 0.319690 0.319690 0.319690 0.319690 0.319690 0.319690 0.319690 0.319690 0.319690 0.319690 0.319690 0.319690 0.319690 0.319690 0.319690 0.319690 0.319690 0.319690 0.319690 0.319690 0.319690 0.319690 
0.329562 0.323936 0.322228 0.320360 0.320346 0.320346 0.320346 0.320346 0.320346 0.320346 0.320346 0.320346 0.320346 0.319690 0.319690 0.319690 0.319690 0.319690 0.319690 0.319690 0.319690 0.319690 0.319690 0.319690 0.319690 0.319690 0.319690 0.319690 0.319690 0.319690 0.319690 0.319690 0.319690 0.319690 0.319690 0.319690 0.319690 0.319690 0.319690 0.319690 0.319690 0.319690 0.319690 0.319690 0.319690 0.319690 0.319690 0.319690 0.319690 0.319690 
